CustomerID,Recency,Frequency,Monetary,Avg_Order_Value
12346,-0.36596091310439344,-1.7825705062091837,-1.451163220910853,0.2138746133504798
12347,-0.8370006387594848,1.012910707118714,1.4867019022825994,1.7494994425390424
12348,-0.6996140521100832,-0.2660743622435596,0.024246597444648632,0.4142978008551172
12350,-1.2491603987076898,0.023983020771589966,-0.04070395036363007,-0.2557331846887516
12356,-0.36596091310439344,0.17940647972972534,0.18393490959406486,0.014936375004792465
12359,-0.14025437789466214,-1.0837002028772094,-0.5483167368967653,0.6191196698711601
12370,0.4387319515563877,1.3566522297454047,1.0538879312722722,0.14000414211847448
12373,-1.180467105382989,-0.6748872825603845,-0.6785471696387887,-0.5183971244852356
12377,-1.0234538634979584,1.1861798836433748,1.2841591943023645,0.9745057919432902
12383,-0.44446753404690864,1.2378966924437296,0.8420803331313321,-0.17458586315345673
12386,0.11489214016851237,-0.519463823602249,-0.5627991668601269,-0.5337754498635209
12388,-0.29726761977969257,-0.06374678486788676,-0.42906779822827873,-1.0338513985321949
12393,-0.21876099883717737,0.17940647972972534,0.2837893710886803,0.25517318183441223
12395,0.1933987611110276,0.2489690060966055,0.02515420400809693,-0.48593792997700236
12402,-0.49353417213598066,-0.519463823602249,-0.49992076116332523,-0.38274173257350363
12410,-1.3178536920323907,0.2489690060966055,0.3227043564491925,0.22919313646784711
12413,-0.13044105027684771,-0.06374678486788676,0.46619219270225404,1.1187637907285772
12414,-1.2491603987076898,-0.519463823602249,-0.6001545407621031,-0.6234548913103911
12415,-0.04212110171651809,0.7640123744367706,0.45828790690838134,-0.3140593287930248
12417,-0.6898007244922687,0.31404040378673953,0.1379139430554582,-0.32632488552886485
12421,-0.6701740692566399,-0.519463823602249,0.1902513082679943,1.2797082571259484
12422,-0.41502755119346546,-0.15984391422021904,-0.2368256813973742,-0.4036203500576884
12423,0.27190538205354287,-0.2660743622435596,-0.40386162763874317,-0.6150481885375585
12427,0.252278726817914,-1.0837002028772094,-0.06251628874476141,1.7917664008049758
12429,1.1551048676568392,-0.06374678486788676,0.36701967339439345,0.879621144491127
12431,-1.0234538634979584,1.0439364387809122,0.8844303919083523,0.24635415267381086
12433,1.1845448505102825,1.577147086393675,1.6234999347472334,1.1513481679181683
12434,0.7625717629442631,-1.7825705062091837,-2.3111668297850345,-1.8662678438659526
12437,-1.2491603987076898,0.2489690060966055,0.3319029352526671,0.2513305997354079
12441,1.3023047819240552,0.023983020771589966,0.09228409587988774,0.06398515344231497
12451,-0.405214223575651,1.6125281454365896,1.293903204673168,0.29956938685171647
12464,-1.2884137091789474,-0.519463823602249,-0.12951271322098673,0.5086268713021189
12468,-0.9155072597020001,-0.384829899545235,-0.046470389171617506,0.45965746993549905
12471,-1.2687870539433186,1.8164348252820153,1.5067142229048798,0.4799972068885496
12472,-0.8075606559060416,1.7729061928455898,1.4168084342133247,0.3343316029310646
12474,-0.8271873111416704,0.8782767830616999,1.013424806926135,0.8315144421490926
12476,-1.0921471568226593,0.17940647972972534,0.5202657209302777,0.8247673474216078
12477,-1.1608404501473601,-1.373757585892359,-1.1944805073111304,-0.2842494433625714
12480,0.026572191608182742,0.2489690060966055,-0.016589135656582352,-0.5860872222111324
12481,0.06582550207944035,0.17940647972972534,1.3347176261996732,2.7907545922781356
12483,0.21302541634665642,-0.519463823602249,-0.2609357306796854,0.1920864410471003
12484,0.04619884684381155,1.131666244420389,0.9378847798218971,0.23030594867847323
12489,0.05601217446162595,-0.519463823602249,-0.3992241915984343,-0.14067725034023637
12490,-0.20894767121936295,0.6799423068293861,0.4549780805525061,-0.18181221643569892
12494,0.1933987611110276,-0.6748872825603845,-0.831972997482538,-0.8866221478288141
12500,-0.04212110171651809,-1.0837002028772094,-1.8750764930130601,-2.5614255957324508
12501,-1.0136405358801441,1.8305365477523636,1.3134753602448686,-0.007792217329960509
12502,-1.2687870539433186,0.6351235184640878,0.820391255021175,0.7726725776075583
12503,0.12470546778632678,-1.7825705062091837,-3.017624446422251,-3.575019374007491
12510,-0.3954008959578366,0.10468661873779295,0.0048471430117579045,-0.28648348902203113
12515,0.2620920544357284,-0.8587142175521938,-0.09748739283899045,1.2415460793173183
12523,-0.13044105027684771,-1.0837002028772094,-0.6745366662692182,0.3147822452424853
12524,-0.05193442933433249,-0.6748872825603845,-0.6023470183522178,-0.335290223861711
12527,-0.36596091310439344,-0.519463823602249,0.0476440243575163,0.9356877932223133
12528,-1.082333829204845,0.6799423068293861,0.7368168922199742,0.4961583318222477
12530,0.06582550207944035,-0.2660743622435596,-0.06880768225298117,0.19024743372171862
12539,-0.8958806044663712,2.1717854690580243,1.717021741037396,0.41012370375083207
12540,-1.2099070882364322,1.0439364387809122,0.7157308205296494,-0.15927090310770273
12551,0.42891862393857333,-0.15984391422021904,0.07643960223845961,0.34976138477831137
12553,-0.7388673625813408,0.2489690060966055,0.09218427959983377,-0.32502033481635473
12557,-0.0813744121877757,-0.8587142175521938,-1.0414635006350785,-1.030795481517205
12559,-1.2197204158542465,0.023983020771589966,0.420523695710672,0.8544744006080965
12567,-1.3178536920323907,1.8305365477523636,1.4375740503075471,0.2906699924850864
12574,-0.9743872254088864,-0.6748872825603845,0.07828789308163912,1.3046115910325737
12577,0.566305210587975,1.0740358895136153,0.9544371710095125,0.36514517471918345
12578,-0.866440621612928,1.26279318504311,0.9155503292521395,-0.038857739670564426
12583,0.06582550207944035,0.31404040378673953,0.4556581308820919,0.43783661492169185
12585,0.15414545063977,0.8416088614052395,0.6943510783107604,0.12421542832785047
12586,1.5476379723694154,-1.7825705062091837,-2.7443968946369055,-2.914147460116316
12591,-0.8370006387594848,0.6351235184640878,0.7446845479426343,0.5902750064514798
12594,-0.5131608273716095,-0.6748872825603845,-0.3622665399288165,0.24239413865159173
12600,-1.2687870539433186,-0.2660743622435596,-0.384251655752298,-0.5679909505939074
12601,-0.0813744121877757,-0.8587142175521938,-0.6178450160604774,-0.012919023185004794
12605,1.0962249019499528,-1.373757585892359,-1.1108718412793102,-0.08273031698308711
12609,-0.7781206730525984,-0.8587142175521938,-0.8643363004200475,-0.6057116707803517
12621,0.4191052963207589,0.5882194000465504,0.3695016959528185,-0.23356012715140576
12625,-1.2687870539433186,0.7640123744367706,0.9431918974517257,0.8527076966320936
12626,-1.1510271225295456,1.1032627683867156,0.8570505370263966,0.08265029341411584
12637,-0.866440621612928,0.8416088614052395,0.755710809258122,0.27183778733234853
12643,-0.09118773980559011,-1.7825705062091837,-2.0569375811761903,-1.2513482685983832
12645,-0.9155072597020001,-0.2660743622435596,0.32043486801958554,1.128242994328147
12647,0.42891862393857333,0.9136578421046154,0.6615585273339645,-0.07417214491648856
12649,1.106038229567767,-1.7825705062091837,-2.698150017659415,-2.802287357063403
12651,-0.002867791245260471,-0.384829899545235,0.3044834346257923,1.305852570402988
12652,-0.5622274654606815,0.8416088614052395,0.45239579928312285,-0.4570866835464201
12662,-1.2982270367967619,0.37516558618164075,0.5131899692489654,0.47211916799080766
12664,-0.5327874826072383,-0.6748872825603845,-0.4600985623659769,0.006861910785100969
12665,-0.405214223575651,-1.373757585892359,-1.684546676724017,-1.4630950752798284
12666,0.5957451934414182,-1.373757585892359,-2.305084380689325,-2.9450764576491744
12668,-1.111773812058288,1.212369842386592,1.032292442945312,0.32470619567079656
12672,-0.20894767121936295,-1.0837002028772094,-1.0805667497501479,-0.6626685560873952
12673,-0.307080947397507,0.023983020771589966,0.125997387415429,0.1450937525864049
12676,-1.2099070882364322,-0.06374678486788676,-0.062004350809098836,-0.1533240538203231
12678,0.27190538205354287,-1.0837002028772094,-1.2825396079865143,-1.147613139480931
12681,-1.1412137949117314,2.0442569776553356,1.61627174434048,0.3740860136742416
12682,-1.2197204158542465,1.7876255304781856,1.425594123691206,0.33155152767293783
12683,-0.5131608273716095,1.212369842386592,1.2822358503951354,0.926735200998562
12686,1.8616644561394764,-0.519463823602249,-0.28863229578319294,0.12541246657904118
12691,-0.7781206730525984,-0.2660743622435596,-0.07321626946528409,0.17963630959540333
12693,-0.6505474140210111,-0.8587142175521938,0.0730282796180949,1.6531855288138686
12705,0.4092919687029445,0.17940647972972534,0.09618377130356429,-0.1960130188920387
12708,-0.20894767121936295,0.6351235184640878,0.4390907246987108,-0.14500252330800667
12709,-0.8958806044663712,0.37516558618164075,0.5047405531181539,0.4517724156059634
12712,-1.3178536920323907,0.8782767830616999,0.6420227013167864,-0.062484360479604255
12720,-1.082333829204845,0.8416088614052395,1.036618629429148,0.9484536556419026
12721,0.3307853477604293,-0.06374678486788676,0.19905798743354453,0.4748761819964645
12724,-0.12062772265903332,-0.384829899545235,-0.6550611207469962,-1.0027040221063392
12725,1.7733445075791467,0.2489690060966055,0.7820654006853718,1.3362057650559456
12726,-0.9842005530267008,0.37516558618164075,0.19045891826733585,-0.3040915706794891
12727,-0.621107431167568,-0.2660743622435596,-0.31273200024360925,-0.3962797194579501
12728,-0.1010010674234045,-0.384829899545235,-0.5943495713499405,-0.8572571893778709
12731,-1.082333829204845,1.212369842386592,1.4243871779380566,1.2694962859960146
12734,0.2620920544357284,-1.373757585892359,-1.8205535837350089,-1.7892502176300773
12735,-1.0136405358801441,0.4873095803114002,0.48482317719018764,0.21363180978371624
12736,-0.0715610845699613,-1.7825705062091837,-1.5094481437664944,0.07289736465460671
12738,1.8714777837572907,-0.2660743622435596,0.10537833144431942,0.6097503494862442
12744,-0.7486806901991552,1.1032627683867156,1.2678551744301276,1.0719855939246274
12747,-0.49353417213598066,-0.06374678486788676,0.10658081678489577,0.2522056179889807
12748,-0.36596091310439344,3.3624733720541053,2.6583412690976758,0.757486222415835
12753,0.07563882969725476,0.5882194000465504,0.31522868952081007,-0.36389351196302644
12754,-1.3178536920323907,0.4327959410884145,0.6360062289792408,0.6699851321939208
12755,1.1649181952746537,-1.7825705062091837,-2.2245561375119522,-1.6567773529109266
12763,1.5672646276050441,-0.2660743622435596,-0.19353269136686732,-0.10981586589627322
12764,-0.8762539492307424,0.9136578421046154,0.8726618657735414,0.4336618072778442
12766,-0.022494446480889278,0.9136578421046154,0.7312566959045744,0.09339751182996683
12775,-1.2884137091789474,-0.384829899545235,-0.041962542526308544,0.4705168800149862
12778,-1.1215871396761026,-1.0837002028772094,-0.6367700308385442,0.4058248764918272
12779,-1.3472936748858337,0.31404040378673953,0.346732301817531,0.17564860150269515
12782,-0.7879340006704127,1.0439364387809122,0.7017971042107568,-0.19274510644807127
12785,0.9882782981539944,-0.2660743622435596,-0.41121887515756667,-0.6327002457999267
12791,2.1364376294382796,-1.373757585892359,-1.5619217290431848,-1.1685888740990455
12793,-0.002867791245260471,0.023983020771589966,0.31621438359082565,0.6030938184946073
12797,0.664438486766119,-0.384829899545235,-0.8269652062302342,-1.4137826213281648
12808,1.5476379723694154,-0.6748872825603845,-0.6456145412429687,-0.4392775998521511
12820,-0.3267076026331358,-0.6748872825603845,-0.5076488145384628,-0.10755566233969484
12826,-0.8958806044663712,1.012910707118714,1.0921718022042013,0.7979051965160313
12829,-0.5426008102250527,-0.519463823602249,-0.24615662574200944,0.22766945800496094
12836,-1.1706537777651747,0.539026389111755,0.508737136068533,0.1839004434883446
12838,2.1168109742026506,0.9136578421046154,0.8467081787610429,0.3711822241404048
12839,0.3994786410851301,0.7228533241035645,0.6365501886857987,0.1830351743114003
12841,-1.082333829204845,1.4628826777687451,1.4239610070418087,0.857167306275759
12842,-1.3374803472680195,-0.15984391422021904,0.4106184924234608,1.155197532546562
12853,-1.1412137949117314,0.10468661873779295,0.2187367185115762,0.2278242060816527
12854,-0.7486806901991552,0.7228533241035645,0.7458692029501384,0.44614407152298674
12855,1.999051042788878,-1.0837002028772094,-0.37050413719667796,1.0481271009881048
12865,0.6349985039126758,-1.7825705062091837,-1.251656245327599,0.696434135356257
12867,0.664438486766119,0.7640123744367706,0.6202199668323775,0.07507657811721968
12868,-0.9351339149376289,0.539026389111755,0.9058554248267466,1.140585468057235
12870,1.22379816098154,-1.7825705062091837,-2.1527693038958065,-1.4831422205310083
12872,-0.2874542921618782,1.012910707118714,0.741102520094094,-0.04711271415727768
12875,0.9293983324471079,-1.7825705062091837,-3.5312902743971906,-4.817453808661387
12877,-0.21876099883717737,0.023983020771589966,-0.03260017851430576,-0.23626208848057903
12908,-1.1019604844404738,-1.7825705062091837,-1.2599238843658975,0.6764366995233793
12913,1.4102513857200136,-1.373757585892359,-1.882047760919422,-1.936520346481465
12915,1.9499844046998058,-0.384829899545235,-0.1802462821631104,0.13753453074627695
12916,-0.5720407930784959,0.539026389111755,0.6661183646141776,0.5627675852039095
12921,0.1933987611110276,0.980899868665066,0.9399198532939403,0.4841470742111701
12924,-0.2678276369262494,-1.7825705062091837,-2.675597513487654,-2.7477382587106143
12928,0.5761185382057894,-0.2660743622435596,-0.9222010613983906,-1.8537063519285348
12929,-1.1706537777651747,-0.6748872825603845,-0.3465932311112651,0.2801422589469273
12931,0.3994786410851301,-1.373757585892359,-2.609668098860856,-3.6639529454242026
12935,-0.6701740692566399,-1.373757585892359,1.1638937094090913,5.414200741027371
12939,0.006945536372553933,-1.373757585892359,-1.1999102404109308,-0.2973334242124723
12942,1.174731522892468,-0.384829899545235,-0.4074172901543626,-0.4087126539511893
12944,0.3307853477604293,-0.384829899545235,-0.2295368282315562,0.01892311898191836
12947,-0.7781206730525984,0.8035569220697675,0.7926043157682872,0.423977534128361
12951,-0.6309207587853823,-0.519463823602249,-0.3047825560490853,0.08654003271478108
12956,-1.4159869682105346,0.2489690060966055,0.4597860218647266,0.5592443139918739
12957,0.07563882969725476,0.17940647972972534,-0.13730551861022233,-0.7563632889177885
12963,1.174731522892468,-0.519463823602249,-0.31873433329882206,0.05296290454009011
12967,0.4583586067920165,-0.06374678486788676,0.02268198079327386,0.05031816693604531
12970,-0.5524141378428671,-1.373757585892359,-0.6976344313088073,0.9143285098719678
12971,-1.2982270367967619,1.012910707118714,0.711520476966748,-0.11820779595252001
12980,-0.14025437789466214,-0.8587142175521938,-0.1317233736928326,1.1589233259573524
12989,-0.2678276369262494,-1.373757585892359,-1.4713759172216754,-0.9509000347022407
12990,-1.2491603987076898,-1.373757585892359,-0.6767888976042756,0.9646602646922903
12997,-1.0234538634979584,-0.384829899545235,-0.3505864314946378,-0.2721636721227949
13000,1.0471582638608807,-0.2660743622435596,-0.35341742426372796,-0.4939777891296684
13001,-0.7781206730525984,0.7228533241035645,0.3871930043487245,-0.41619184337258575
13002,-0.7781206730525984,-0.6748872825603845,-0.38386073343272326,0.19039221804695394
13004,-0.9155072597020001,1.1861798836433748,0.9175169269297907,0.09162948369890221
13008,-0.49353417213598066,-0.2660743622435596,0.21959957096187818,0.8850667910647827
13011,1.8714777837572907,-1.0837002028772094,-1.2828838529736393,-1.1484387268217118
13013,1.832224473286033,0.9136578421046154,0.8694083105554362,0.425828742296527
13021,0.5564918829701606,-0.519463823602249,0.10395938265395449,1.071517597706976
13027,0.3209720201426149,-0.8587142175521938,-1.0304411377124603,-1.004369661419557
13029,0.27190538205354287,-1.7825705062091837,-3.0424378369636202,-3.6350370142127044
13030,1.439691368573457,0.37516558618164075,0.35149211900168925,0.08295279726649886
13033,0.4191052963207589,-0.6748872825603845,-0.5725743094532694,-0.26371154545620623
13034,1.586891282840673,-0.8587142175521938,-1.2562459894978864,-1.5448794159207206
13047,-1.2884137091789474,0.8416088614052395,0.5065893149557585,-0.3270118141715958
13048,-0.2776409645440638,0.4327959410884145,0.5336421418094497,0.4234350237700141
13049,-0.7781206730525984,-1.0837002028772094,-1.2011030799691922,-0.9522105754896133
13050,-1.376733657739277,1.663375392543683,1.3136855946697168,0.2643547267690692
13064,-0.2776409645440638,-1.7825705062091837,-1.2797634252065277,0.6284496087618662
13065,2.0088643704066924,-0.384829899545235,-0.023669751497848338,0.5145872341667773
13068,-0.621107431167568,-1.7825705062091837,-3.5478602079631063,-4.857532503643655
13069,-1.3865469853570915,1.7876255304781856,1.1970534398873895,-0.21792076577858366
13077,1.2139848333637255,-0.8587142175521938,0.012563626204005087,1.5071958528762661
13078,-0.9155072597020001,0.7640123744367706,0.7046958436525391,0.27830184456181795
13081,-0.21876099883717737,2.328634026092058,1.7718207903864758,0.2884604450248855
13082,0.15414545063977,-0.519463823602249,-0.2618060957100402,0.18999101312309902
13089,-1.2197204158542465,2.7374469464088818,1.9850522545269653,0.14231317694720785
13090,-0.5131608273716095,-0.15984391422021904,-0.05225012826729241,0.040032357283921086
13092,0.615371848677047,-0.8587142175521938,-1.0358800409956586,-1.0174097638758355
13093,-1.229533743472061,1.7428067421128866,1.4133360359841274,0.3749152968897776
13094,0.08545215731506917,-0.8587142175521938,-0.836752720494295,-0.5394400010109093
13097,0.1345187954041412,0.4873095803114002,0.5277333941387673,0.3168994104193362
13098,-0.8468139663772992,0.2489690060966055,0.30915550018417703,0.19658901744289056
13102,-1.3472936748858337,1.5589798071210779,1.178405971424182,0.10899785289910188
13104,0.3307853477604293,-1.7825705062091837,-1.697887405887131,-0.3828920130862709
13107,-0.258014309308435,-0.06374678486788676,0.40034769570748974,0.9599755546628626
13108,1.9892377151710636,-1.0837002028772094,-0.6934608829133159,0.26916890860699727
13110,-1.2099070882364322,-0.2660743622435596,-0.2518798468136117,-0.25007850347594457
13113,-1.3472936748858337,0.9478393094285801,1.7385304205915415,2.465656844850858
13115,0.07563882969725476,-1.373757585892359,-1.223181149064256,-0.3534045770680788
13117,-0.6799873968744543,0.10468661873779295,0.24085354493088637,0.2810566925801289
13124,0.5859318658236038,0.980899868665066,0.7329805369587973,-0.013755110603681503
13126,-0.0813744121877757,0.4873095803114002,0.30002548833274517,-0.23068079244800346
13136,1.0962249019499528,-1.0837002028772094,-1.2711646731364108,-1.120331134421661
13137,-1.327667019650205,1.0740358895136153,1.0720069043771194,0.648251438676864
13138,1.9107310942285483,-0.384829899545235,-0.008997551846583489,0.5499383898877372
13140,1.2139848333637255,-0.8587142175521938,-0.514653585231629,0.2355795267988171
13141,-1.2099070882364322,0.37516558618164075,0.5356021282679742,0.5260945436559095
13144,-0.0813744121877757,-1.7825705062091837,-2.304952763896999,-1.8512375089321675
13145,1.8714777837572907,-1.7825705062091837,-2.8106383943010074,-3.074369759719648
13148,-1.0627071739692162,1.9240843540756347,1.666691361254001,0.6904002045235814
13155,-0.29726761977969257,1.212369842386592,0.9445822148902873,0.113688327278846
13158,-0.6898007244922687,0.37516558618164075,0.5234346706306767,0.4967905944066321
13161,-1.0528938463514017,-1.373757585892359,-0.7488036531211328,0.7907919106519976
13162,-0.13044105027684771,0.8035569220697675,0.5559667772109597,-0.14521445352821846
13165,0.252278726817914,-0.6748872825603845,-0.3872059608351304,0.18233709145488283
13168,-0.768307345434784,1.159291444289721,0.8336823932609659,-0.06572444943677455
13173,1.3611847476309418,0.31404040378673953,0.5866954346508007,0.7534976250229324
13174,-0.9449472425554433,2.3867389664257357,1.8352842614348055,0.3473501094518373
13178,0.7429451077086342,0.2489690060966055,0.167977873707222,-0.14292707023614512
13183,0.016758863990368338,0.023983020771589966,0.16789531100044675,0.24592270977933844
13187,0.07563882969725476,-0.06374678486788676,-0.08661369412663403,-0.21247224892219843
13198,-0.7486806901991552,1.2378966924437296,0.9129917427996608,-0.004175622365260526
13199,-1.2393470710898753,0.2489690060966055,0.15902196527149595,-0.16445064574141524
13208,-1.3080403644145762,0.17940647972972534,0.3088102371086501,0.3153988883988
13209,-0.3365209302509502,-0.06374678486788676,-0.7935974068221366,-1.9031160763256614
13211,0.7821984181798919,-1.7825705062091837,-2.085453642639357,-1.3203217816744253
13221,0.615371848677047,0.539026389111755,0.34460114756982746,-0.21072192072980922
13225,0.1345187954041412,-0.6748872825603845,-0.7002907662005824,-0.5706207711730494
13230,-1.3080403644145762,1.310814485537099,1.2827063850137668,0.766028034124066
13233,0.026572191608182742,-0.2660743622435596,-0.08103398880230417,0.16082051459790303
13238,0.6840651420017478,-0.8587142175521938,-0.7437092312453438,-0.3157682177886146
13240,1.145291540039025,0.31404040378673953,-0.01626747761310984,-0.6962563496324121
13246,-0.3463342578687646,0.4873095803114002,0.3110019143603321,-0.20431117597683268
13253,0.20321208872884203,-0.6748872825603845,-0.7115489447480469,-0.5976558857926461
13255,2.1168109742026506,-0.8587142175521938,-0.12055941112978756,1.1858646200762921
13263,-0.3954008959578366,0.4873095803114002,0.38140123341430143,-0.035117903464000386
13266,0.566305210587975,-1.7825705062091837,-2.1939760554249785,-1.5828114690031259
13267,-0.14025437789466214,0.8416088614052395,1.597938399460064,2.303057452821513
13269,0.8116384010333351,0.4327959410884145,0.4765071470171846,0.28589468389783784
13270,1.2139848333637255,-1.7825705062091837,-1.9502937986119122,-0.9934025371839389
13280,-0.964573897791072,1.2378966924437296,1.157546020008225,0.5843040536674805
13284,-0.5131608273716095,-0.519463823602249,-0.4209332966027501,-0.19288236622987148
13295,0.6349985039126758,-0.6748872825603845,-0.4382061063372907,0.05955432136075545
13304,0.24246539920009963,-1.0837002028772094,-0.4739908815823758,0.7984103533458474
13305,1.9696110599354348,-1.0837002028772094,-0.7746572532493095,0.073513349818399
13309,-1.3374803472680195,0.6799423068293861,0.710367735619895,0.4324717543047019
13310,-0.7388673625813408,0.10468661873779295,0.25748438686038166,0.3210906886371667
13313,0.23265207158228524,-1.0837002028772094,-0.7558706032215075,0.1187747643735952
13317,0.5564918829701606,-0.2660743622435596,-0.13393616228742708,0.03352409508595388
13319,0.22283874396447081,1.310814485537099,0.9880164581325867,0.05665644070061094
13324,-1.082333829204845,-0.384829899545235,0.32607078019102836,1.3579436816657913
13327,1.0962249019499528,-0.2660743622435596,-0.3675122701043383,-0.527813658559187
13328,-0.9449472425554433,-0.06374678486788676,0.29606180376800095,0.7085850120244154
13329,0.31115869252480044,-0.6748872825603845,-0.6116429005959865,-0.35763514189818363
13330,-0.9842005530267008,-0.384829899545235,-0.07345757287441307,0.39465154427018206
13368,0.11489214016851237,-1.7825705062091837,-1.5647982147162707,-0.060981181207886336
13369,0.31115869252480044,0.023983020771589966,0.06642599106401866,0.0017899034601661567
13370,1.2041715057459113,0.7228533241035645,0.5525367962953519,-0.01901387990688705
13385,-0.20894767121936295,0.31404040378673953,0.5358483946540866,0.6309806769593154
13394,-1.2687870539433186,-0.06374678486788676,-0.12417336329092095,-0.3027192968607824
13396,-1.082333829204845,-0.06374678486788676,0.29749001299623135,0.7120269255967022
13397,0.21302541634665642,-0.8587142175521938,-0.683955573819494,-0.17202840481626017
13402,1.8714777837572907,-0.15984391422021904,-0.03862949983173712,0.0728000824659002
13405,-0.7781206730525984,-1.0837002028772094,-1.0746497377152202,-0.6484462992459334
13408,-1.1019604844404738,1.310814485537099,1.15907015488019,0.46823461631233254
13418,0.6055585210592326,0.7640123744367706,0.634602387734496,0.10966677482319347
13426,0.06582550207944035,0.10468661873779295,-0.21295742770751244,-0.809039427953226
13448,0.7821984181798919,0.6799423068293861,0.3763390062007149,-0.3706711652351684
13451,-0.022494446480889278,0.17940647972972534,0.14586522666699747,-0.07660193533896968
13455,-0.258014309308435,0.539026389111755,0.4970919599030654,0.1558842106224017
13458,-0.3954008959578366,0.9478393094285801,0.6535215062365758,-0.15006003321486913
13468,-1.229533743472061,1.212369842386592,1.2040369578996293,0.7382824785366057
13473,-0.18932101598373416,-1.0837002028772094,-0.6420826129773584,0.3930170014576056
13481,1.4298780409556424,-1.7825705062091837,-3.0710832579803244,-3.7043234170217465
13487,0.27190538205354287,-1.0837002028772094,-0.9715649627178399,-0.40054988065870273
13488,-1.3080403644145762,1.8982302010710228,1.3886535982741128,0.06316334717492089
13491,-1.229533743472061,0.6799423068293861,0.7066386679083222,0.4234934962692032
13494,-1.1706537777651747,-0.06374678486788676,-0.16974764978713494,-0.4121772821089649
13495,0.6349985039126758,0.10468661873779295,0.19248373663632365,0.16464789698006785
13496,0.47798526202764535,0.023983020771589966,0.02255484910441957,-0.10369974458219282
13497,1.5280113171337866,-0.2660743622435596,-0.305631463919598,-0.3792248507126264
13502,-0.4739075169003519,-1.7825705062091837,-1.6211254988448467,-0.1972233713644236
13506,-1.1314004672939169,0.6351235184640878,0.6171106673735856,0.283114168773991
13520,-0.43465420642909425,0.5882194000465504,0.6181751529915361,0.3644611762346002
13523,1.22379816098154,0.10468661873779295,0.07216035276261193,-0.1247313599991463
13527,-0.29726761977969257,-1.7825705062091837,-2.064620376004278,-1.2699311065621783
13531,1.2139848333637255,-0.8587142175521938,0.9632748158860684,3.804452621138638
13534,-0.9547605701732577,0.7228533241035645,0.6161935185947139,0.13406504487781232
13538,-0.9842005530267008,-1.7825705062091837,-2.528010064383714,-2.390759618312502
13539,-1.2982270367967619,-0.2660743622435596,-0.15752537487724366,-0.023220564801677973
13551,-0.6701740692566399,-1.0837002028772094,-0.2648203826122712,1.3032324796209502
13552,-0.9842005530267008,-1.0837002028772094,-1.0377692265633756,-0.5597821609406519
13564,0.28171870967135726,1.26279318504311,1.0957793468395385,0.39467804451292793
13565,-0.022494446480889278,-0.2660743622435596,-0.28372026330223354,-0.3265882323055476
13569,1.3808114028665706,-0.06374678486788676,0.14514812692728585,0.3450527765399743
13576,-1.2491603987076898,0.31404040378673953,0.21980135503401874,-0.12959328940897602
13579,1.5672646276050441,-0.6748872825603845,-0.7200283620628408,-0.6180159838891554
13581,-1.2982270367967619,-0.6748872825603845,-0.32511438479772276,0.33187865608161693
13584,-1.3963603129749058,0.37516558618164075,0.43426044801911745,0.2820974642036461
13593,0.016758863990368338,0.10468661873779295,0.3624358431730692,0.5738347143097706
13599,-0.258014309308435,0.4327959410884145,0.12764413232408683,-0.5524556562894668
13600,-1.1314004672939169,0.17940647972972534,0.4078501387323149,0.5538911656878523
13606,-1.1706537777651747,-1.0837002028772094,-0.9520752957801297,-0.353657594165548
13611,0.6546251591483045,-0.8587142175521938,-0.1884021559376881,1.0221602419016593
13614,-0.18932101598373416,-0.519463823602249,-0.6229556303687538,-0.678175023236801
13615,-1.082333829204845,0.10468661873779295,0.18328320282329993,0.14251034637938131
13627,0.4387319515563877,0.2489690060966055,0.15804402433826645,-0.16680080218068266
13629,-1.2099070882364322,-0.6748872825603845,-0.2190202410315665,0.587524426549213
13634,-0.2776409645440638,-0.15984391422021904,-0.12993984894627628,-0.14679774112473645
13649,1.2139848333637255,-0.519463823602249,-0.5244790944857772,-0.4417423977202519
13652,1.5476379723694154,-0.6748872825603845,-0.7469032330712888,-0.6825331845989233
13656,0.08545215731506917,-0.15984391422021904,0.22357209506159587,0.7042034689148483
13659,-0.5818541206963103,1.0439364387809122,0.7132224393970207,-0.16529735619105929
13668,-1.2982270367967619,1.012910707118714,0.7560628309517545,-0.011150809507677883
13672,-0.1010010674234045,-1.0837002028772094,-1.1936509819654317,-0.9343204326793939
13680,0.06582550207944035,1.3566522297454047,0.959163639483385,-0.08772885724218006
13693,-0.3954008959578366,-1.7825705062091837,-2.1593048549648253,-1.498950151009078
13694,-1.3080403644145762,1.1861798836433748,0.9215124214208408,0.10123808207000239
13700,-0.2776409645440638,0.2489690060966055,-0.04005977934596996,-0.6423745945121311
13703,-0.7388673625813408,-1.7825705062091837,-1.2143921056822027,0.7865671513205789
13705,2.1364376294382796,-0.384829899545235,-0.10957814369567172,0.30766270458527994
13707,-1.0136405358801441,0.7228533241035645,0.6782701100571739,0.2834214840393786
13709,-1.0234538634979584,0.539026389111755,0.388972387301694,-0.10410094310688314
13715,0.07563882969725476,1.4425131623366603,1.0681471700844563,0.03390403459207179
13725,-1.3374803472680195,0.980899868665066,0.7725719721336545,0.08143867031814368
13728,-1.229533743472061,-0.6748872825603845,-0.29296330025234907,0.40933400813931115
13742,-0.621107431167568,1.310814485537099,1.173757538378412,0.503598719653303
13747,2.1364376294382796,-1.7825705062091837,-1.5325237083909768,0.0170831085232115
13748,2.156064284673908,-1.7825705062091837,-3.4884934797784726,-4.713938627328943
13750,0.06582550207944035,-1.7825705062091837,-3.4123622098204147,-4.529795345454959
13754,-0.8468139663772992,-0.6748872825603845,-0.2928517306972347,0.40960281654441977
13756,0.5564918829701606,-0.2660743622435596,0.08151865464285159,0.5522608273352065
13758,0.006945536372553933,0.4873095803114002,0.25223891740848775,-0.34544766736361865
13764,0.09526548493288357,0.9478393094285801,0.6885263830268108,-0.06593941337194853
13767,-0.0715610845699613,1.1861798836433748,0.9546089949615806,0.18084308178643027
13769,-0.5622274654606815,0.6351235184640878,0.5577722078956441,0.1403409973858314
13777,-1.2393470710898753,1.4217236274355392,1.0240572923250169,-0.03812608416094558
13782,-0.2678276369262494,0.6799423068293861,0.530542305012578,-0.00019783039320448614
13784,-1.1902804330008034,-0.8587142175521938,-1.0752180391705448,-1.1116968609372122
13786,1.3611847476309418,-1.373757585892359,-0.6639919398189008,0.9955599958127929
13787,0.97846497053618,-0.6748872825603845,-0.9144840427343586,-1.0843586193859744
13798,-0.621107431167568,1.7729061928455898,1.2950857665210243,0.041535184631954845
13800,-1.2884137091789474,0.7228533241035645,0.5326436962859179,-0.06683425939224046
13802,-1.1706537777651747,0.023983020771589966,-0.09352132616953758,-0.38259927168824026
13807,1.3317447647774985,-0.8587142175521938,-0.12250140005750221,1.1811780660027658
13815,-0.7290540349635264,1.012910707118714,1.1293882432429787,0.8875978834674559
13817,0.252278726817914,-1.373757585892359,-1.4640064628377187,-0.933174917379627
13819,-1.2982270367967619,0.31404040378673953,0.4884012440565444,0.5166889936295486
13824,-1.2393470710898753,-0.15984391422021904,-0.359840230348386,-0.6988313250764616
13829,0.566305210587975,-1.7825705062091837,-2.8109180559902063,-3.075046194268709
13831,1.7046512142544459,-1.373757585892359,-1.0558947659214526,0.04982488201947721
13837,-0.8075606559060416,-0.6748872825603845,-0.20888014255086418,0.6119658896915507
13838,1.753717852343518,1.131666244420389,0.9803565232941953,0.3325088205601407
13842,-1.2982270367967619,0.4873095803114002,1.0868187579563835,1.664717691741963
13846,0.664438486766119,-0.2660743622435596,-0.0723605786932151,0.18169586356001724
13848,1.2139848333637255,-1.7825705062091837,-1.6572805534092754,-0.28467377653295317
13854,-1.2099070882364322,0.7640123744367706,0.47327780715075457,-0.27806376013936107
13859,-0.35614758548657904,0.37516558618164075,0.3261881822888564,0.02209690286838487
13862,-0.258014309308435,0.4873095803114002,0.5594069585685061,0.39314567051338206
13869,-1.082333829204845,1.26279318504311,1.4070667559314103,1.1447177658500962
13871,-1.3080403644145762,0.37516558618164075,0.5288356110247963,0.5097978687894504
13873,-1.258973726325504,-1.0837002028772094,-0.8998623204465666,-0.2279984476837404
13874,0.4681719344098309,-0.06374678486788676,-0.26808223837160816,-0.6481631213890667
13880,1.3611847476309418,-0.6748872825603845,-0.15083786720816403,0.7518935557381786
13881,-1.1510271225295456,-0.384829899545235,0.1984933908666623,1.0501554093360659
13883,-0.35614758548657904,-1.7825705062091837,-2.4351092195492297,-2.1660547570102766
13890,-0.8468139663772992,-0.2660743622435596,0.037508883534911205,0.4462411072777224
13894,-1.2393470710898753,-0.519463823602249,-0.4341193647093466,-0.2245868220278215
13898,-0.36596091310439344,-1.373757585892359,-0.9369291064019383,0.33677258005380317
13901,-0.6898007244922687,-0.2660743622435596,-0.48328698119771657,-0.8055258508449963
13911,-1.376733657739277,0.2489690060966055,0.48695752486644744,0.6246999964565777
13922,0.252278726817914,-1.0837002028772094,-0.9562596908837219,-0.3637258841938139
13929,-0.5622274654606815,-1.373757585892359,0.3525564344090951,3.452195962395467
13939,-1.229533743472061,-0.06374678486788676,-0.03333528582835763,-0.08440144531836313
13941,1.7733445075791467,-0.15984391422021904,-0.3215023073053252,-0.6068737487926813
13948,0.7723850905620775,-1.373757585892359,-1.5299893314178894,-1.09183782768046
13953,0.2620920544357284,-1.7825705062091837,-3.16281245924054,-3.926194353537596
13958,1.8812911113751052,-0.8587142175521938,-0.775694078859977,-0.39267941385129007
13959,0.8901450219758503,-0.384829899545235,-0.2409432603482223,-0.008518533864699269
13963,-1.3669203301214627,0.37516558618164075,0.7937528800858429,1.148294933564669
13969,-0.5524141378428671,0.4873095803114002,0.5104282546810146,0.27524892616830493
13982,-0.3267076026331358,0.980899868665066,0.707868731359913,-0.07411635731799013
13983,-0.3463342578687646,0.4873095803114002,1.295939808756727,2.16960851641038
13984,-0.3954008959578366,-0.8587142175521938,-1.5255667747525512,-2.186569276517432
13993,-0.17950768836591974,-1.0837002028772094,-0.6970229213382388,0.2605837768815741
13999,-0.5426008102250527,0.5882194000465504,0.4984555407659489,0.07639564586102499
14001,2.077557663731393,-0.519463823602249,-0.20445922253877868,0.3280814391847041
14006,-1.1314004672939169,-0.8587142175521938,-0.5078748038762579,0.2519094341826121
14016,0.4191052963207589,0.37516558618164075,0.08667884795298025,-0.5531876619257683
14030,1.1845448505102825,0.4327959410884145,0.7707910262030507,0.9948435514502524
14031,-0.4640941892825375,0.6351235184640878,0.5647976849171646,0.1572413759432639
14032,0.252278726817914,0.539026389111755,0.6998102934184398,0.6439265275060296
14037,1.0177182810074374,0.37516558618164075,-0.0007218941607442157,-0.7627243702291232
14040,-1.033267191115773,1.212369842386592,1.1419410379244253,0.5886967073320162
14044,-1.278600381561133,1.3788126101613607,1.0729737370050372,0.14964273116136115
14045,0.1345187954041412,-0.8587142175521938,-1.534691744268953,-2.2082385727543197
14047,0.07563882969725476,-0.8587142175521938,-0.9605590850883077,-0.8367436096241446
14049,-0.7977473282882273,1.6125281454365896,1.3560303505150286,0.4491049285011042
14051,-1.0234538634979584,0.7640123744367706,0.6257683034433228,0.08842001181101328
14057,0.6840651420017478,0.7228533241035645,0.547991656328585,-0.029940562076573383
14060,-0.7879340006704127,0.8035569220697675,0.6730242441564293,0.1362086898270214
14062,-0.49353417213598066,1.0740358895136153,0.8520220233335409,0.11872604671683802
14068,-0.621107431167568,-0.06374678486788676,0.254892888145013,0.6093816723279506
14078,2.077557663731393,-1.0837002028772094,0.3197846542353259,2.715483583670652
14081,1.5672646276050441,0.7640123744367706,0.8937660183719651,0.7335990232375317
14082,1.0373449362430665,0.539026389111755,0.3350511729436483,-0.2336637115350674
14083,0.29153203728917165,1.3566522297454047,1.0753390410465602,0.1916022250511025
14085,-1.2884137091789474,1.858161747621696,1.4230447633772958,0.2108663652731185
14088,-0.5426008102250527,1.5024272254017421,1.2560755996936008,0.3881440882902236
14090,-0.41502755119346546,-1.7825705062091837,-2.9263077975308627,-3.354146302720773
14092,-0.5524141378428671,0.8416088614052395,0.47453585742112403,-0.40395604733136214
14099,-0.258014309308435,1.1032627683867156,0.9841015185324223,0.3883364904104491
14101,-0.3267076026331358,-1.7825705062091837,-1.6130985106273787,-0.1778080121468157
14107,0.3209720201426149,-0.15984391422021904,-0.17523798264373225,-0.25567182560859447
14113,-1.1608404501473601,-0.384829899545235,-0.5669033898759682,-0.7914642639654369
14114,-0.17950768836591974,-0.6748872825603845,-0.18092355355846373,0.6793583396584699
14119,0.31115869252480044,-1.7825705062091837,-2.863256689497769,-3.201640795254505
14127,-1.229533743472061,0.17940647972972534,0.22387296244269198,0.11099915614922973
14130,-0.6799873968744543,1.287089703378525,1.317369858348139,0.8885280186229509
14133,-1.2884137091789474,0.023983020771589966,0.21064496663797463,0.3488331736875535
14135,-0.307080947397507,1.159291444289721,0.8808284300259094,0.0476114767042989
14142,2.018677698024507,0.6351235184640878,0.5807719284099266,0.19567232144760952
14146,-0.9743872254088864,1.012910707118714,1.288926486071084,1.2722763160790953
14150,0.6546251591483045,-0.519463823602249,-0.46677487213124863,-0.30308716707207567
14156,-1.2884137091789474,1.3339938217960619,1.1775952017020188,0.47482373051405413
14159,0.9490249876827367,0.6799423068293861,0.35197177191812623,-0.4291584244406971
14161,1.635957920929745,0.17940647972972534,0.38756211451211825,0.5050242280348759
14167,-0.15988103313029092,-0.384829899545235,-0.06717889517106253,0.40977446920851174
14175,-0.5622274654606815,-0.384829899545235,0.12904541961394733,0.882675269273437
14176,-0.307080947397507,-0.2660743622435596,-0.7122596581863597,-1.3534197152693832
14180,-1.2687870539433186,1.287089703378525,1.784862387464985,2.016396724701064
14185,-0.15006770551247653,-1.7825705062091837,-1.745327159044992,-0.49763739750706026
14188,-1.2393470710898753,-0.2660743622435596,-0.07417726677836914,0.17732330969588464
14189,-0.768307345434784,0.8416088614052395,0.8375567253987903,0.4688530172555732
14194,-1.376733657739277,0.5882194000465504,0.6999089516993441,0.5612698706359821
14201,0.6055585210592326,-1.0837002028772094,-1.0181641544639113,-0.5126379582476268
14205,1.1158515571855816,-0.15984391422021904,0.007750708411486645,0.1844050805928079
14206,0.7723850905620775,-1.7825705062091837,-1.1046607411560005,1.051981002941567
14209,-0.1010010674234045,-0.2660743622435596,0.27973950342639764,1.0300884083661412
14210,0.21302541634665642,0.4327959410884145,0.5425373575028634,0.444853267984135
14213,1.8616644561394764,-1.373757585892359,-1.8663261125302517,-1.8988819306230023
14215,-1.0234538634979584,0.980899868665066,0.5507974760243544,-0.4513211623600075
14217,-1.2000937606186177,0.023983020771589966,-0.2939551154003466,-0.8633300138000094
14220,0.4681719344098309,-0.15984391422021904,-0.30159704699775364,-0.5591119312981142
14221,0.20321208872884203,-0.06374678486788676,0.2607881184025946,0.6235857948765858
14224,-0.6112941035497536,0.6799423068293861,0.631684936550233,0.2430823106785524
14229,-1.0136405358801441,0.10468661873779295,0.1209796402930784,-0.007356086368359359
14233,-1.2197204158542465,0.10468661873779295,0.24285023390250962,0.2858628993340951
14236,1.8616644561394764,-1.0837002028772094,-1.1709039184427332,-0.8797028251292492
14237,2.077557663731393,-0.519463823602249,-0.3642416595047023,-0.056532654330334844
14238,-0.3365209302509502,-0.6748872825603845,-0.26423530601476974,0.4785550332305262
14239,-0.9351339149376289,-1.0837002028772094,-0.7333186161456249,0.17311424192110048
14242,-0.35614758548657904,-0.6748872825603845,-0.3120428655638816,0.3633675344045638
14243,-0.817373983523856,0.2489690060966055,0.6100458094092279,0.9213431428067699
14248,-0.7781206730525984,-1.7825705062091837,-1.2314221029309522,0.7453756726362313
14256,1.0177182810074374,0.31404040378673953,0.46286376534238505,0.4551878685351085
14257,-0.6996140521100832,0.4873095803114002,0.6491071698983466,0.6091649699001541
14258,0.12470546778632678,-0.06374678486788676,-0.12132638440881599,-0.2958798556073113
14264,1.8714777837572907,-1.7825705062091837,-2.6386783285469364,-2.65843960543921
14270,-0.13044105027684771,0.023983020771589966,0.12459675974902176,0.14172364400394366
14282,1.3808114028665706,-0.2660743622435596,-0.18064034875723345,-0.07881366314117101
14290,-0.9351339149376289,0.10468661873779295,0.5539149807972293,1.035350179629563
14292,-0.35614758548657904,-1.0837002028772094,-0.6503938770140998,0.3729804018582736
14293,1.5476379723694154,-0.6748872825603845,-0.30097238333538595,0.39003790282483486
14295,-0.09118773980559011,-1.373757585892359,-1.2791068361719073,-0.4881257797557427
14298,-1.1019604844404738,2.16175298110072,1.5964787046376747,0.13631611710974792
14299,-0.9253205873198145,0.5882194000465504,0.49306182309537594,0.06342395466973415
14307,-0.44446753404690864,1.159291444289721,1.1398088870454688,0.6709444089725944
14309,-1.258973726325504,-0.384829899545235,-0.33821385100525214,-0.24242579131894276
14312,-1.229533743472061,-0.15984391422021904,0.5111930181980436,1.3978452358198652
14320,-0.5229741549894239,0.4327959410884145,0.4357732323359277,0.1878715526915842
14321,-0.05193442933433249,0.37516558618164075,0.29550222952823363,-0.051684827542809134
14329,-0.23838765407280618,1.012910707118714,0.7717076083245826,0.026461667184689196
14334,-0.6407340864031967,0.4327959410884145,0.5356937728302391,0.42837490637845826
14341,-0.8468139663772992,0.10468661873779295,0.1019036686044534,-0.05322614612451779
14344,0.4681719344098309,0.17940647972972534,0.09741383668860021,-0.19305719415693226
14355,1.1551048676568392,-0.2660743622435596,-0.07983854862168557,0.16369764634176395
14368,-0.6309207587853823,-0.2660743622435596,0.014168597632640476,0.39002590076415516
14373,0.48779858964545975,-1.7825705062091837,-1.483376699323943,0.13595793550140262
14388,1.1943581781280967,-0.06374678486788676,0.08208563243320456,0.19324906527555283
14389,-0.7388673625813408,-1.7825705062091837,-0.5647251240160434,2.357955756752742
14390,1.9696110599354348,0.6351235184640878,0.5697154923498559,0.1690721483298463
14395,-0.022494446480889278,1.1032627683867156,0.6450562475145483,-0.4266300359599388
14396,1.783157835196961,0.7640123744367706,0.7475127971139253,0.3813579473837351
14401,-1.0234538634979584,0.10468661873779295,0.14304705738336757,0.045716577368701376
14404,-0.2776409645440638,0.7228533241035645,0.5642783033910135,0.009215202058777586
14409,-0.6996140521100832,0.023983020771589966,0.2913660474958945,0.5432322778698375
14410,-1.4159869682105346,-0.519463823602249,-0.20708171248524937,0.32176538970116764
14411,-1.2197204158542465,-0.2660743622435596,-0.5518502246602541,-0.9697914627536381
14413,0.8999583495936647,-0.6748872825603845,0.3211527931248163,1.8909367119076126
14414,0.5466785553523461,-0.8587142175521938,-1.1427502382079484,-1.273439199069727
14415,-0.3954008959578366,1.3788126101613607,1.3199070157828343,0.744119557217091
14419,1.0373449362430665,-0.2660743622435596,0.02078480869573916,0.4059602374234955
14426,-1.082333829204845,0.7640123744367706,0.6241872618791255,0.08461763268531518
14428,-0.3954008959578366,-0.2660743622435596,-0.13892090836653426,0.021532211588887944
14437,1.174731522892468,-1.373757585892359,-1.3895190572029417,-0.7539578303584665
14438,-1.4159869682105346,-0.6748872825603845,-0.6928769844780008,-0.5528157281518848
14439,-0.6407340864031967,0.4327959410884145,0.43560703722459704,0.18747167931774084
14440,-0.8762539492307424,0.31404040378673953,0.8373667664595925,1.357949558157636
14441,-0.5426008102250527,-1.373757585892359,-2.308250953046698,-2.952587946614003
14442,-1.1412137949117314,0.5882194000465504,0.6718158465911483,0.49361180234197627
14443,-1.2491603987076898,0.37516558618164075,0.32126317500030166,0.010253805805120938
14448,0.9686516429183656,-0.2660743622435596,-0.46201257996643325,-0.7545245992634777
14449,1.9205444218463628,0.9136578421046154,1.0147621822728192,0.7759343617766552
14450,-0.5720407930784959,-1.0837002028772094,-0.32778441005126097,1.151236523296589
14457,-1.2197204158542465,-1.7825705062091837,0.03511807071125762,3.8088325718605605
14460,-1.229533743472061,-1.373757585892359,-0.850335013353016,0.5457223493744006
14462,-1.3571070025036482,1.2378966924437296,1.1391031354338332,0.5398878622361704
14466,-1.3178536920323907,0.023983020771589966,0.181518484727633,0.27871413648770976
14467,-1.1019604844404738,-0.15984391422021904,0.37831393370043054,1.0772794568210213
14472,0.006945536372553933,0.9136578421046154,0.9120444619285455,0.5284906852706416
14479,1.145291540039025,-0.6748872825603845,-0.8995218966617072,-1.0485188926634466
14487,1.4593180238090857,0.023983020771589966,0.07402424998062919,0.020064236186361203
14491,1.9597977323176203,-1.0837002028772094,-0.6972866416113268,0.25994817162436806
14496,-1.1510271225295456,-1.0837002028772094,-0.44185886779904177,0.8759360522964315
14497,-1.2982270367967619,0.539026389111755,0.4193985254447067,-0.030963076183630724
14498,0.8508917115045926,-0.519463823602249,-0.48365314541108434,-0.34365137397752277
14501,-0.6309207587853823,-0.8587142175521938,-0.3065082356784996,0.7372720944351171
14502,-1.1215871396761026,0.6351235184640878,0.7848144743767863,0.6869486145272045
14505,0.04619884684381155,2.1100361723003647,1.3567518818212012,-0.35611040425742163
14506,1.5967046104584874,0.980899868665066,0.9765786343784865,0.5724277882991948
14514,-0.15988103313029092,-0.06374678486788676,-0.10385453340355659,-0.2539020733877979
14524,0.7625717629442631,-0.384829899545235,-0.2751139119563966,-0.09071121264593718
14525,-0.3267076026331358,0.4873095803114002,0.22134330389015555,-0.4196166822327284
14527,-1.1019604844404738,1.9978921781706054,1.6072119567352388,0.4274156964000852
14532,-1.033267191115773,0.023983020771589966,0.15629894898478694,0.2180124517004303
14533,0.2620920544357284,-0.519463823602249,-0.10094437140390831,0.5774684901051252
14534,-0.7388673625813408,0.6799423068293861,0.8122923932112166,0.6779542207953914
14540,-1.2982270367967619,-0.06374678486788676,-0.03349132126235852,-0.0847766143924193
14541,-0.9547605701732577,1.310814485537099,1.4426721391243178,1.1516321856469507
14543,-0.7094273797278976,-0.06374678486788676,0.3678120757807672,0.8815314902440475
14544,0.8410783838867782,0.8416088614052395,0.8016958701544048,0.38251647275834405
14548,-0.7781206730525984,-1.373757585892359,-1.057943832259134,0.0448837698685111
14549,-1.1902804330008034,0.9478393094285801,1.029393355633374,0.7544560145699817
14553,0.20321208872884203,-0.519463823602249,-0.38527514595876855,-0.10712809184940343
14560,-1.3178536920323907,0.17940647972972534,0.21175344657829856,0.0818447999301891
14565,0.8312650562689639,0.4327959410884145,0.1913238007892922,-0.39964875642266756
14572,-0.4739075169003519,1.3339938217960619,0.8640963294736358,-0.2790438357273148
14573,1.8616644561394764,1.159291444289721,1.068540788781389,0.49929692524774266
14576,1.8714777837572907,-1.7825705062091837,-2.1184172190919095,-1.400052766769263
14577,0.9490249876827367,0.539026389111755,0.3662828568705345,-0.1586280592139467
14587,-1.180467105382989,1.6125281454365896,1.2950814566357511,0.30240471472175856
14589,1.8420378009038474,-1.7825705062091837,-1.1280555008216215,0.9953946905648798
14594,2.0579310084957645,0.8035569220697675,0.7581340897958462,0.3409987788705645
14595,-1.0430805187335872,-0.6748872825603845,-0.45925711193845187,0.008887020128368842
14600,-1.4159869682105346,-1.373757585892359,-0.49893867824027477,1.3941834224233058
14606,-1.4159869682105346,3.2352547374255543,2.483469544529274,0.5408861955134268
14608,0.8803316943580359,-1.7825705062091837,-3.243565808418663,-4.121517336435
14616,-0.817373983523856,-1.7825705062091837,-1.697887405887131,-0.3828920130862709
14618,0.12470546778632678,-1.0837002028772094,-0.6697900121251503,0.326223879844605
14621,0.5270519001167173,0.023983020771589966,0.5166144204598021,1.0861656900185779
14625,0.8018250734155207,0.10468661873779295,0.3930792635031928,0.6476614232788608
14627,-1.1608404501473601,-0.8587142175521938,-0.5908516623649078,0.052068118620140144
14639,0.48779858964545975,0.6799423068293861,0.4792290168940651,-0.1235406492513718
14643,0.27190538205354287,-0.06374678486788676,-0.14729438753884813,-0.3582567221855899
14646,-0.5327874826072383,2.3026688988183506,1.798600322866093,0.39485429686174955
14653,0.1639587782575844,0.4327959410884145,0.3166326009212245,-0.09864477114857859
14657,-0.3463342578687646,1.0740358895136153,0.9234969982049733,0.29068004921953083
14659,-1.0038272082623296,0.6351235184640878,0.9015760988947883,0.9683531245034807
14662,-0.964573897791072,0.4873095803114002,0.6808031612161847,0.6855253336232314
14665,-1.2197204158542465,0.10468661873779295,0.8274696799172686,1.6953625571755917
14667,-0.3365209302509502,1.8305365477523636,1.9243137077150279,1.4636445034160028
14669,-0.1010010674234045,1.3339938217960619,0.9997790615031863,0.046978109904589505
14672,0.026572191608182742,0.37516558618164075,0.3009904171028041,-0.03849042976856997
14673,1.3808114028665706,-0.384829899545235,0.06127742103320199,0.7192986502268887
14679,1.8616644561394764,-1.7825705062091837,-1.5325237083909768,0.0170831085232115
14680,-0.7290540349635264,1.212369842386592,1.095347497264346,0.47649366795158016
14684,0.9097716772114791,0.7640123744367706,0.517370208261511,-0.17215096055819343
14688,-1.1019604844404738,1.212369842386592,1.0681437162671252,0.41099981992239476
14692,-0.6505474140210111,0.4873095803114002,0.8196051366188629,1.0200765944075405
14696,-0.36596091310439344,0.8416088614052395,0.5797196818625282,-0.151363088142881
14701,-0.9056939320841857,1.212369842386592,1.1211881822385772,0.5387170250176821
14702,-0.9743872254088864,1.287089703378525,1.1393951535120916,0.4597928774533605
14708,0.7527584353264486,-0.2660743622435596,0.40661556965652557,1.336157905768006
14709,-1.0234538634979584,0.4327959410884145,0.42511141715656653,0.1622197761345341
14713,-0.5131608273716095,1.4628826777687451,1.0909836034328477,0.055546820715755486
14715,-0.15006770551247653,-0.384829899545235,-0.7000980988850966,-1.1105151529455641
14723,0.4583586067920165,1.287089703378525,1.0756934601848038,0.3064582331672383
14729,2.0873709913492076,1.310814485537099,1.1368169694230181,0.4146604556471441
14732,0.21302541634665642,-0.6748872825603845,-1.018164154463912,-1.3324854480801172
14733,-0.8468139663772992,1.8444437574950243,1.3575831530118927,0.075686341841599
14735,-1.2491603987076898,0.539026389111755,0.5306192543471175,0.23655188664362736
14737,0.27190538205354287,-1.373757585892359,-1.1907181728675258,-0.27518314655110254
14738,-0.9253205873198145,-0.15984391422021904,0.21079989232435453,0.673423186173695
14739,0.1639587782575844,0.023983020771589966,-0.2697793640801361,-0.805411901050043
14741,0.8508917115045926,-0.2660743622435596,-0.013102599888938549,0.324353777489756
14744,-1.1412137949117314,-0.15984391422021904,0.09393814339392059,0.3918984821025777
14748,-0.14025437789466214,0.539026389111755,0.07443057649229941,-0.858767983985286
14755,-0.012681118863074875,0.4873095803114002,0.400618590413686,0.011087023758593117
14761,-0.002867791245260471,-1.0837002028772094,-0.33068724082249684,1.1442297397358285
14766,1.106038229567767,-0.6748872825603845,-0.4415967107858717,0.05139300869592913
14769,-0.41502755119346546,1.0740358895136153,0.8406202898600278,0.09130512747743101
14770,-0.5033474997537951,-0.15984391422021904,-0.0887598592153281,-0.047782616826954206
14775,1.8812911113751052,-0.15984391422021904,0.0006270321881062188,0.16726077089401326
14776,-1.1019604844404738,0.539026389111755,0.44858299661134937,0.0392089697483732
14777,0.48779858964545975,-1.7825705062091837,-2.094625287191267,-1.342505790018181
14778,-1.3178536920323907,0.31404040378673953,0.4096355479965853,0.32703370438934304
14779,-0.5426008102250527,0.5882194000465504,1.1583194660571774,1.6666657550201742
14782,-0.6407340864031967,-1.0837002028772094,-0.749567922888183,0.1339604984280557
14784,-0.4739075169003519,-1.0837002028772094,-1.1916943523912948,-0.9296229352517159
14794,-0.03230777409870368,-0.6748872825603845,-0.4341922690728841,0.06921603650399741
14796,-0.6309207587853823,1.949292085054039,1.5385815288233091,0.34102619917952637
14798,-1.2491603987076898,-0.6748872825603845,-0.1872966258173599,0.6639945147716568
14800,0.006945536372553933,1.858161747621696,1.3499117677973957,0.03498960994389958
14805,-1.033267191115773,0.31404040378673953,0.468116325384043,0.46783661514470326
14810,-1.3865469853570915,0.7640123744367706,0.9866753439634072,0.9575218925751275
14813,1.7144645418722602,0.8035569220697675,0.4187443339661047,-0.4747007099888242
14821,1.321931437159684,-1.7825705062091837,-0.9732089146897194,1.3699314423229931
14825,0.5466785553523461,0.023983020771589966,0.19396578896223302,0.30867800193768224
14828,0.06582550207944035,-1.0837002028772094,-1.003850978143306,-0.4782141474607041
14829,0.566305210587975,0.539026389111755,0.7339857271530543,0.726266790479433
14841,0.5564918829701606,0.023983020771589966,0.2782897798982134,0.5117341588731952
14842,-1.376733657739277,-1.373757585892359,-1.471413918649526,-0.9509914334508633
14849,-0.8468139663772992,1.012910707118714,0.840963189032527,0.19302410621534868
14850,-1.1706537777651747,0.10468661873779295,0.013595240323324749,-0.2654680660119894
14865,1.8714777837572907,-1.7825705062091837,-2.293988106430219,-1.824716632403123
14866,1.2139848333637255,-1.7825705062091837,-2.848304016177519,-3.165473864905159
14867,0.016758863990368338,-0.2660743622435596,-0.30964990947339277,-0.3888769607572891
14871,0.7429451077086342,-0.2660743622435596,-0.32115996370680555,-0.41652131134760695
14878,0.5368652277345317,-0.519463823602249,-0.26542486819328426,0.18127885371188152
14889,0.026572191608182742,-0.384829899545235,-0.675975364859217,-1.052778553209737
14895,-0.5131608273716095,-1.7825705062091837,-1.8959251756993043,-0.8618978787221494
14896,1.145291540039025,0.539026389111755,0.5451684084524349,0.2715640868029764
14898,-0.3365209302509502,-0.15984391422021904,0.057924132949489004,0.3051808660886617
14901,0.7527584353264486,0.8035569220697675,0.7744445165182691,0.3802596701110518
14907,0.7527584353264486,0.5882194000465504,0.8084190279204105,0.8227081141985181
14911,-1.3178536920323907,3.1890126392030695,2.3954199817286996,0.4032648179066189
14913,0.5957451934414182,-0.384829899545235,-0.289924744324092,-0.12632926154197255
14916,-0.45428086166472303,-0.384829899545235,0.26792787901828524,1.2176518352427497
14932,1.1551048676568392,-1.0837002028772094,-0.4292044802072421,0.9064701106195078
14944,0.2620920544357284,-1.7825705062091837,-2.389109986338745,-2.0547936448321664
14952,0.9980916257718088,-0.384829899545235,-0.6199251919818448,-0.9185440300756743
14961,0.07563882969725476,0.4873095803114002,0.5408154683601256,0.3483891851171256
14970,-0.9056939320841857,-0.8587142175521938,-0.017189396618511408,1.4353671143868516
14976,-0.29726761977969257,-0.06374678486788676,-0.29426412546342134,-0.710947736828092
14978,-0.817373983523856,0.9478393094285801,0.7607998678284559,0.10782781070771627
14985,0.4485452791742021,1.0439364387809122,0.7664654283046741,-0.037348002226573127
14987,1.1551048676568392,-1.7825705062091837,-1.0603080197008132,1.159259598100959
15002,0.1933987611110276,0.7228533241035645,0.5516816812082936,-0.021069642130866
15005,-1.2393470710898753,1.8164348252820153,1.3637609019483359,0.13599803740944605
15012,2.077557663731393,0.980899868665066,0.9158970939611363,0.42630778594484364
15018,1.3906247304843848,-1.7825705062091837,-1.070475925810022,1.1346658720043394
15021,1.292491454306241,0.539026389111755,0.64962128493321,0.5230347135747986
15023,-0.3954008959578366,1.287089703378525,1.165459530411513,0.5225514489878511
15024,1.321931437159684,0.539026389111755,0.7773541197382485,0.8307788476000576
15028,1.488758006662529,-0.384829899545235,-0.29044765264441913,-0.12758670247639942
15032,1.2336114885993545,0.4873095803114002,0.20184874909137968,-0.46640254833703365
15033,-0.22857432645499176,0.2489690060966055,0.6629782204503947,1.0489676714364873
15034,0.14433212302195558,1.131666244420389,0.9417642953805929,0.2396401251162031
15038,1.7439045247257035,0.7228533241035645,0.3485388550472442,-0.5089413834853037
15039,-1.1608404501473601,2.563821684158874,1.9858289100270399,0.42393733824473157
15044,-0.0715610845699613,1.521632696000846,1.197757064261714,0.21645211303074222
15046,-1.229533743472061,0.6351235184640878,0.6666510292593069,0.4023610814037439
15048,1.518197989515972,-0.6748872825603845,0.05576904500416755,1.2502682422913682
15052,-0.6799873968744543,0.539026389111755,0.48704374302108755,0.13171208551870447
15057,-0.9743872254088864,0.4327959410884145,0.44727746762781806,0.2155525499954368
15058,-1.1412137949117314,1.0740358895136153,0.934401231744238,0.316921815180469
15059,-0.5720407930784959,0.37516558618164075,0.3499806040698481,0.07931724355438852
15061,-0.7781206730525984,1.949292085054039,1.6099295110244105,0.5127782394591595
15062,0.5761185382057894,-0.384829899545235,-0.8265725890292611,-1.4128451631219143
15070,1.9794243875532491,-1.7825705062091837,-0.7345722376739194,1.9471363267995105
15078,-0.6701740692566399,0.980899868665066,0.8926196023878701,0.3702720706459562
15079,-1.0136405358801441,0.4327959410884145,0.7117408014715348,0.8524923749359354
15081,1.3317447647774985,-0.8587142175521938,-0.6657169563924884,-0.1281410717236457
15090,-1.3669203301214627,0.31404040378673953,0.35883506324014147,0.20476994182143649
15093,0.1639587782575844,0.4327959410884145,0.6143113035803552,0.6177185416880278
15100,-0.20894767121936295,-0.519463823602249,-0.23834261222867187,0.2464843661191895
15101,0.07563882969725476,-0.8587142175521938,-1.15366679441339,-1.2995694757124003
15107,-1.2000937606186177,0.10468661873779295,0.03859098688730844,-0.20541102183443274
15110,-0.7094273797278976,-0.15984391422021904,0.11326015407611519,0.43843214040148853
15111,1.9696110599354348,-0.15984391422021904,0.4050308863142549,1.1417195688596784
15139,0.05601217446162595,-0.8587142175521938,-1.0655594944556324,-1.0885514839900179
15144,-1.1019604844404738,-0.06374678486788676,0.6670043344383563,1.6032910015433084
15157,0.4092919687029445,0.7640123744367706,0.47536559062855505,-0.273049863150631
15159,-0.9940138806445152,1.5024272254017421,1.1174647673109752,0.05467866323258609
15160,0.4191052963207589,-1.0837002028772094,-0.8705937457843091,-0.15753797840971528
15164,0.21302541634665642,-0.6748872825603845,-0.8080345231052181,-0.8292133654365645
15165,2.0579310084957645,0.10468661873779295,0.26631549375938607,0.3423509621412389
15167,-0.5916674483141248,0.2489690060966055,0.37377770408019306,0.35212598232161524
15171,-0.43465420642909425,-1.0837002028772094,-1.6123010676178826,-1.936520346481465
15174,-0.5131608273716095,-1.7825705062091837,-0.6962443527237865,2.0398422875157083
15179,-0.6701740692566399,0.8416088614052395,0.6149749205268253,-0.06663888726171098
15180,1.3513714200131273,-0.519463823602249,-0.6404612832045121,-0.7201767004001103
15181,0.7527584353264486,-1.373757585892359,-2.0717410536422727,-2.389872190910965
15189,-1.1019604844404738,-0.384829899545235,-0.043377326818547786,0.4671086306208415
15192,1.0962249019499528,-0.15984391422021904,-0.27600287437599785,-0.49768348290512404
15194,-1.1314004672939169,1.577147086393675,1.8440673226816786,1.683470437057235
15197,-0.13044105027684771,-1.0837002028772094,-2.0131120983349864,-2.8878109352198846
15199,-1.3669203301214627,-1.7825705062091837,-1.5285394905827046,0.026719975783145774
15203,-1.180467105382989,-0.519463823602249,-1.1713168786769408,-1.9883332110094636
15204,0.4191052963207589,-0.384829899545235,-0.9563655177588062,-1.722345054232921
15208,0.27190538205354287,-1.7825705062091837,-1.911705053981586,-0.9000656194687859
15211,1.0864115743321383,-0.2660743622435596,-0.1532372731244639,-0.012906203111178054
15213,-0.7290540349635264,-0.15984391422021904,-0.49547715932226966,-1.02379139230888
15215,-0.8468139663772992,-1.373757585892359,-1.1885207146172376,-0.26988772749248885
15218,-0.7094273797278976,0.31404040378673953,0.3595701701255014,0.2065388240697557
15221,1.2336114885993545,-0.6748872825603845,-0.9624610043496045,-1.1992271400430046
15222,-0.6799873968744543,-0.6748872825603845,-0.3345307648330991,0.3091964438302251
15224,0.48779858964545975,-0.15984391422021904,-0.9024454340198006,-1.994039143066131
15226,-1.229533743472061,-0.384829899545235,-0.38446224675152213,-0.35356722638866483
15227,-0.8468139663772992,-0.6748872825603845,-0.20513259884892848,0.6209992064832477
15235,-1.2982270367967619,1.1032627683867156,1.0696530665174329,0.5943343533211713
15240,-1.1510271225295456,0.023983020771589966,0.2610928789503912,0.4703141493554023
15246,0.5564918829701606,-0.519463823602249,-1.062391285380811,-1.7291989205625304
15260,1.9696110599354348,-0.15984391422021904,0.06841695462491189,0.33044421203501645
15262,-0.48372084451816627,-0.15984391422021904,0.13899405555280908,0.5004165305886824
15266,0.1639587782575844,-0.8587142175521938,-0.5678122678473122,0.107545444838789
15270,-1.2393470710898753,-0.2660743622435596,-0.36471626233369314,-0.5211020309509696
15271,0.1345187954041412,0.37516558618164075,0.6487136622719479,0.7986138352707003
15279,0.3307853477604293,-0.384829899545235,0.10047004209235377,0.8137785214807213
15281,-0.5622274654606815,0.8782767830616999,0.6345101218384172,-0.0805408559522876
15288,1.1158515571855816,-0.06374678486788676,0.32972667839628156,0.7897226778743672
15290,-0.258014309308435,-0.384829899545235,-0.5691283692284049,-0.7967987884807406
15291,-0.6505474140210111,0.17940647972972534,-0.2299669146042972,-0.978274244149582
15296,-0.3168942750153214,0.980899868665066,1.0428628687971264,0.7321031609408074
15298,-0.41502755119346546,0.4327959410884145,0.2332474331044233,-0.29898760607262465
15299,1.8812911113751052,-1.7825705062091837,-1.000998223097563,1.3027157705753947
15301,1.518197989515972,0.4327959410884145,0.6435834552560338,0.6882414636869565
15304,1.5280113171337866,-1.0837002028772094,-1.14906724384332,-0.8272586137819599
15311,-1.2982270367967619,3.2421843641589736,2.63920428226977,0.9049117544461902
15312,0.3209720201426149,-0.6748872825603845,-0.5481727114384792,-0.20503192373024792
15316,-0.307080947397507,-1.7825705062091837,-2.304821172914419,-1.8509192219075223
15326,-0.05193442933433249,-0.06374678486788676,0.11677289547621122,0.2767396393221678
15329,1.0962249019499528,-1.7825705062091837,-1.8278179597135475,-0.6971628588304954
15332,1.22379816098154,0.4327959410884145,0.4033471191501305,0.10986279082534592
15339,-0.7388673625813408,1.0439364387809122,0.8450679818985204,0.15165746371743563
15346,-0.0813744121877757,-0.384829899545235,-0.43641560162471504,-0.47835726863216804
15347,1.2139848333637255,-1.373757585892359,-1.8196590230436587,-1.7871068985601202
15350,2.067744336113579,-1.0837002028772094,-0.6556355471085078,0.3603443302003209
15351,1.7242778694900747,0.7640123744367706,1.748412034903761,2.796307773682492
15353,1.3906247304843848,-0.8587142175521938,-0.2709724518177437,0.8229747060546716
15356,0.7527584353264486,1.6297637227600832,1.2726227891506043,0.22028949714853072
15358,-1.1412137949117314,1.8021330717186905,1.3291080285869226,0.07588348652626357
15361,0.8705183667402215,-0.6748872825603845,-0.7438891334886091,-0.6752983497843552
15363,1.9499844046998058,-1.373757585892359,-0.2040969149814669,2.106568504033928
15365,-1.0136405358801441,-0.15984391422021904,0.2071371886190288,0.6645966743760681
15366,0.48779858964545975,-0.519463823602249,-0.10251893643870208,0.5736739504498148
15370,-0.0813744121877757,-1.373757585892359,-1.7525103598712757,-1.626147869233627
15373,-0.8075606559060416,0.37516558618164075,0.3344871250845939,0.04205439421090932
15379,-0.49353417213598066,1.6959026236953494,1.352636520804334,0.3051388626944713
15380,1.0962249019499528,-1.7825705062091837,-1.0497645691974604,1.1847616760123467
15384,0.6349985039126758,0.17940647972972534,0.11954009385820383,-0.13988223160195526
15392,0.47798526202764535,-0.06374678486788676,0.061045094453665176,0.1426159642699101
15394,0.5270519001167173,0.31404040378673953,0.41780509077700595,0.34669992395305665
15395,-0.36596091310439344,-0.519463823602249,-0.1967721057739882,0.3465958276815294
15415,-1.0627071739692162,1.212369842386592,1.0622054318377898,0.3967048928336811
15421,-1.2393470710898753,-1.373757585892359,-0.5669527537975674,1.2299035465004418
15422,-0.5131608273716095,-0.8587142175521938,-0.9545159526651429,-0.8222412846646795
15426,1.439691368573457,1.0740358895136153,1.0277364648453238,0.5416231092547699
15443,-0.5916674483141248,0.7640123744367706,0.5350615526286182,-0.1296419639565293
15447,-0.17950768836591974,-0.6748872825603845,-0.5567916205126197,-0.2257596123186977
15448,-1.082333829204845,0.6351235184640878,0.8142982462005319,0.7579899587187434
15454,0.8901450219758503,0.023983020771589966,0.09612864097360822,0.07323338554189564
15456,0.5761185382057894,0.10468661873779295,0.0017236859469094657,-0.2939864693495526
15460,0.28171870967135726,1.0740358895136153,0.9756536242235626,0.41621746168881923
15464,0.14433212302195558,1.7876255304781856,1.4730745875128268,0.4458369881511054
15465,-0.5622274654606815,0.023983020771589966,0.042424394822199424,-0.055927778423983145
15468,0.7625717629442631,-1.7825705062091837,-3.398791510456625,-4.496971078638576
15482,0.5564918829701606,-0.6748872825603845,-1.0031886629739017,-1.2966716397172071
15485,0.016758863990368338,0.10468661873779295,0.3547575180937665,0.555338055347166
15497,-1.082333829204845,-0.15984391422021904,0.05514031130082665,0.298478622253364
15498,-0.6505474140210111,2.009684788869073,1.404384682398933,-0.07953337943467702
15502,1.4298780409556424,0.6799423068293861,0.7665412243622495,0.5677443476269015
15503,0.9588383153005511,1.2378966924437296,0.6489846266910828,-0.6379612858347857
15510,-0.18932101598373416,-1.7825705062091837,-2.5263606209964564,-2.386770010379228
15512,0.6251851762948614,-0.8587142175521938,-1.4395751740703755,-1.9821104378525782
15513,-0.8958806044663712,0.4873095803114002,0.7934955020547027,0.9571270063322355
15514,0.7429451077086342,1.521632696000846,1.042334559567221,-0.1572030943548391
15518,-0.7388673625813408,0.9136578421046154,0.7239144544481955,0.07574029220173105
15525,2.077557663731393,1.159291444289721,1.1105465543568633,0.600457443785484
15527,-0.9940138806445152,0.4327959410884145,0.43666776266709867,0.19002384431914235
15529,-0.48372084451816627,1.310814485537099,1.1640785976748143,0.4802934889831581
15532,0.47798526202764535,0.9478393094285801,0.9450958409115608,0.5513864497286076
15535,-0.2678276369262494,0.980899868665066,0.6607097044879745,-0.18743336588615772
15544,1.9499844046998058,0.31404040378673953,0.22631744159932116,-0.11393183677692106
15545,1.7635311799613322,0.10468661873779295,0.5767757169829822,1.0904797389837197
15547,-1.0038272082623296,1.4425131623366603,1.1303789925038352,0.18356351088295259
15549,-1.033267191115773,1.0740358895136153,1.214724930687714,0.9921837635763997
15555,0.8410783838867782,1.4628826777687451,0.9636633645290589,-0.2503991982184339
15562,0.252278726817914,-1.7825705062091837,-1.9541839440775461,-1.002811866010368
15563,0.5466785553523461,-0.519463823602249,0.006231160066368507,0.8358232518877213
15569,-0.1010010674234045,-1.7825705062091837,-1.1353165852243143,0.9778318689724848
15570,-0.22857432645499176,1.6125281454365896,1.6624689445808154,1.1875251468967487
15574,0.5270519001167173,1.7274132107267572,1.4366687401623952,0.4561246351463748
15579,-1.0430805187335872,0.4873095803114002,0.6033564218476709,0.4989706611454851
15581,0.28171870967135726,0.4327959410884145,0.46319777736026524,0.2538633516181128
15587,0.252278726817914,-1.373757585892359,-0.5867106355033956,1.1821852214695714
15589,-1.2197204158542465,-0.519463823602249,-0.050569513117769686,0.6988835056050493
15596,-0.8958806044663712,0.4873095803114002,0.5509411920136532,0.37276476419660803
15601,-0.9547605701732577,2.0442569776553356,1.6560620714916465,0.46986928933110206
15602,-1.1215871396761026,0.10468661873779295,0.003764021831813564,-0.28908532461987735
15605,2.067744336113579,-0.15984391422021904,0.2677770602440849,0.8107510051769983
15606,-0.43465420642909425,-0.8587142175521938,-0.6598744386672338,-0.11408101066471936
15607,0.05601217446162595,-0.519463823602249,-0.33103448081405895,0.023363606217585976
15611,0.006945536372553933,-1.7825705062091837,-1.7592458661699877,-0.5313034116278221
15615,-0.20894767121936295,0.5882194000465504,0.7272735399354122,0.6271848975808129
15620,0.49761191726327414,0.17940647972972534,-0.05822809994637522,-0.5667586470416249
15626,-0.20894767121936295,-0.384829899545235,-0.29699881158674263,-0.1433398315998862
15628,1.321931437159684,0.2489690060966055,0.24264344575458463,0.036584217591587156
15640,-0.0813744121877757,1.4217236274355392,1.2969990819717494,0.6186440726366651
15641,0.5957451934414182,-0.384829899545235,-0.0776016317303136,0.38467042316510264
15646,1.8812911113751052,0.17940647972972534,0.1014808301730961,-0.18328403178359873
15649,0.04619884684381155,-1.373757585892359,-1.8779259589231454,-1.9266534183633177
15658,-1.2884137091789474,0.4327959410884145,0.907972290991049,1.3256926380582088
15660,1.174731522892468,-0.519463823602249,-0.5845685746523845,-0.5860420331843776
15661,-0.8271873111416704,-0.6748872825603845,-0.0806033849643719,0.921264865201857
15664,0.566305210587975,-1.7825705062091837,-0.9651542257738821,1.3894138028859182
15673,-0.2874542921618782,0.4327959410884145,0.2981295407085102,-0.14311476091995062
15680,1.22379816098154,0.2489690060966055,0.32025066087205634,0.22328828734209452
15687,-1.180467105382989,0.6799423068293861,0.8633926097517978,0.8010843343291977
15689,0.8705183667402215,-1.373757585892359,-0.23040923524989257,2.042980874713711
15694,-1.1706537777651747,0.10468661873779295,0.3649964022686846,0.5800031494230058
15696,-1.0234538634979584,0.9136578421046154,0.5881218303305754,-0.2506106067406923
15708,-1.0627071739692162,1.4217236274355392,1.2147054977177698,0.4204828888705526
15713,0.7527584353264486,-0.6748872825603845,-0.24007525729163828,0.536778034895144
15716,1.6948378866366314,0.6799423068293861,0.35664982832668,-0.41793122272461525
15719,-1.2884137091789474,2.1205939307675132,1.608851061648098,0.23264317115434988
15723,1.027531608625252,0.6799423068293861,0.5950776349223115,0.15500676782893644
15727,-0.15988103313029092,1.1861798836433748,1.0578680190178797,0.42933833459140763
15732,1.9205444218463628,-0.8587142175521938,-1.000225722927897,-0.9319097613956496
15738,-1.0921471568226593,0.31404040378673953,0.3286177028645118,0.13206690681672983
15749,-0.1010010674234045,-0.6748872825603845,-0.5820999950367045,-0.28661499928129025
15750,1.106038229567767,0.10468661873779295,0.252975407011591,0.31023614198209254
15752,1.999051042788878,-0.2660743622435596,0.0698518449650203,0.5241527169152065
15759,0.48779858964545975,-1.7825705062091837,-1.6488120128174388,-0.26419040802848787
15769,0.026572191608182742,-0.519463823602249,-0.3258101892423742,0.03593509795511059
15777,-0.7879340006704127,-0.519463823602249,-0.6375702746597366,-0.7132408522265006
15780,0.42891862393857333,-0.15984391422021904,0.15087713238416572,0.5290422086345135
15781,-1.4159869682105346,-1.0837002028772094,-0.4842725920244429,0.7736053998718455
15789,0.49761191726327414,0.17940647972972534,0.27281253975420533,0.2287552172959466
15797,-0.6799873968744543,-1.7825705062091837,-1.3680039547038787,0.4150169324792804
15799,-0.022494446480889278,-0.2660743622435596,-0.24972253004117,-0.2448938076651672
15805,1.0667849190965095,-0.519463823602249,0.11205523193637078,1.0910469696926248
15808,-1.4061736405927203,2.378640475329015,1.9027191856249785,0.5227624650892683
15811,0.4092919687029445,0.10468661873779295,-0.10799192923599425,-0.5573778002193625
15812,-0.7977473282882273,-1.373757585892359,-0.9915447060491994,0.20502104926094133
15820,-0.6505474140210111,-0.15984391422021904,0.10416279223827045,0.41652202733519955
15822,0.6055585210592326,-0.519463823602249,-0.2715316481038659,0.16657733906113015
15823,0.11489214016851237,-0.15984391422021904,-0.4997420936932498,-1.033998894329715
15827,-1.082333829204845,0.6799423068293861,0.4915343197721225,-0.0939675165116853
15831,-0.45428086166472303,-1.0837002028772094,-0.23636101460925302,1.371942670529074
15834,1.8812911113751052,-1.7825705062091837,-1.6995938231156777,-0.3870194270763968
15835,-0.16969436074810534,-0.6748872825603845,-0.5079019277118674,-0.10816460116686809
15838,-1.2099070882364322,-0.6748872825603845,-0.7053803047785775,-0.5828430682825287
15841,0.1933987611110276,-0.6748872825603845,-1.4563825316699983,-2.3754751187274326
15845,0.07563882969725476,-0.384829899545235,0.8495174855692005,2.6219883394293495
15854,-1.1902804330008034,0.2489690060966055,0.3757238277673657,0.35681116391819406
15856,0.24246539920009963,1.0439364387809122,0.714169851697186,-0.16302119044876714
15858,1.3611847476309418,0.4873095803114002,0.552977900098414,0.3776679263097672
15860,1.5280113171337866,-0.06374678486788676,0.2698740964976431,0.6454787264754914
15862,2.1364376294382796,1.26279318504311,1.2231178110639487,0.7013341388819904
15864,-1.1510271225295456,-0.2660743622435596,-0.10778270924344623,0.09644963874385386
15867,-0.8468139663772992,1.9240843540756347,1.402986930449985,0.05571930432474579
15880,1.635957920929745,1.4004963861151958,1.5234103371689245,1.1991305762285913
15881,-1.1510271225295456,0.539026389111755,0.692429736367468,0.626146421316042
15882,1.4593180238090857,0.023983020771589966,0.35612111790268675,0.6992502919378749
15885,-1.2982270367967619,-1.7825705062091837,-2.674227094603903,-2.7444235441270406
15889,1.586891282840673,1.1861798836433748,1.2274757858197853,0.8378808384316531
15894,1.6065179380763017,0.8035569220697675,0.5777034827595033,-0.09297908055503959
15898,1.370998075248756,1.212369842386592,0.7812846873082974,-0.2787463627732179
15899,1.5476379723694154,-0.8587142175521938,-0.9337664801573521,-0.7724389450134681
15910,-0.8958806044663712,0.9136578421046154,0.9226234348709345,0.5539678658635447
15916,-0.19913434360154855,0.8782767830616999,0.6623035293222743,-0.013733067780303698
15919,1.5280113171337866,0.7640123744367706,0.7670242230760819,0.42833046997723206
15922,1.9499844046998058,-0.519463823602249,-0.5205703069438521,-0.43235262901072136
15923,1.9597977323176203,0.2489690060966055,0.24186298516892438,0.034707220427997384
15938,-0.4739075169003519,-0.8587142175521938,-0.08157023752809056,1.2799626133196598
15939,-1.180467105382989,-0.384829899545235,-0.19870275499128995,0.09311617373099826
15940,-1.2099070882364322,-1.7825705062091837,-2.8894668201536886,-3.2650368147874245
15945,1.125664884803396,-1.373757585892359,-0.7180839216395056,0.8649557164303928
15950,0.6251851762948614,0.10468661873779295,0.23220093237948702,0.2602298910293452
15953,-0.13044105027684771,0.023983020771589966,0.32201434061192397,0.6170676242354252
15955,1.9794243875532491,0.31404040378673953,0.5402999349396441,0.641705320148955
15965,1.370998075248756,-0.15984391422021904,0.2274487108862045,0.7135463130682902
15967,-0.7094273797278976,0.31404040378673953,0.4191260231630904,0.34987985923969733
15971,-1.2099070882364322,-1.0837002028772094,-0.8821010662482219,-0.18524215027301977
15973,0.20321208872884203,-1.0837002028772094,-0.9427115184988749,-0.33112574517692245
15981,-1.1902804330008034,-1.373757585892359,-1.6095407998714133,-1.2829995628887327
15983,0.7331317800908198,1.212369842386592,0.95558387615592,0.14014849899520576
15984,0.1737721058753988,-0.6748872825603845,-0.480026483589712,-0.041094653138669925
15987,1.5476379723694154,-1.0837002028772094,-1.1104944425552832,-0.734591178343692
15996,1.1943581781280967,-0.15984391422021904,-0.28166478588768595,-0.5112741609366085
15998,0.8999583495936647,1.4425131623366603,1.1931788624973088,0.33466624768548753
16003,0.615371848677047,-0.15984391422021904,0.11193318466304615,0.4352361842497592
16010,0.9195850048292935,0.2489690060966055,0.6138186826409512,0.9304387907389274
16011,-1.2000937606186177,1.0740358895136153,0.9378313073801428,0.325176963700668
16013,0.06582550207944035,-0.2660743622435596,-0.738066858142557,-1.4150377531421783
16016,1.22379816098154,1.0740358895136153,0.9841201128049955,0.4366001431220456
16019,-1.0136405358801441,-0.15984391422021904,-0.23790107940560556,-0.4062028791396173
16029,-1.3669203301214627,1.012910707118714,0.8691388874330299,0.2608148443686776
16030,-1.2687870539433186,0.6351235184640878,0.5900770865309284,0.21806097428386215
16033,-0.35614758548657904,1.4828488098304398,1.1988857366637513,0.28248480298470885
16034,-0.09118773980559011,-1.373757585892359,-1.073976817887195,0.006223477679750806
16037,0.5564918829701606,-0.384829899545235,-0.2533507937886996,-0.038365779139533276
16042,-0.1010010674234045,-0.6748872825603845,-0.6693758416332148,-0.4963659566924069
16043,-0.7879340006704127,-0.2660743622435596,-0.2224149170014697,-0.17925613537475268
16048,2.0383043532601355,-0.6748872825603845,-0.05449138205799539,0.9842474207005277
16059,-0.2776409645440638,0.6351235184640878,0.43716322649375106,-0.1496342005828559
16062,1.0177182810074374,-0.6748872825603845,-0.5966263212628117,-0.3215381841163721
16065,1.1354782124212104,1.2378966924437296,1.071454661727376,0.3770162444312922
16081,1.3023047819240552,0.2489690060966055,0.4449691785332986,0.5235553714626706
16083,0.7527584353264486,-0.2660743622435596,-0.6455368382943745,-1.1939742662770376
16085,-0.5720407930784959,0.10468661873779295,0.2713675730561264,0.3545140770444511
16086,1.370998075248756,-0.6748872825603845,-0.4135950468209494,0.11879998235095782
16094,0.07563882969725476,-1.7825705062091837,-2.603274168630769,-2.5728054343220577
16098,2.146250957056094,-0.6748872825603845,-0.3627688787669332,0.24118435153220544
16109,-1.3472936748858337,-1.0837002028772094,-0.45810603512004155,0.8367349548140015
16110,-1.2000937606186177,1.8021330717186905,1.4375073272515657,0.3366473527238419
16112,-0.0715610845699613,-0.6748872825603845,-0.3023354312679439,0.38675403197147373
16122,-0.0813744121877757,-0.2660743622435596,-0.29618712746979375,-0.356538443082184
16124,-0.9547605701732577,-0.2660743622435596,-0.3166437220519925,-0.40567479500682585
16125,1.3317447647774985,0.023983020771589966,0.08206311265133007,0.039399518857727515
16133,-0.964573897791072,-0.384829899545235,-0.1359380852055299,0.24419337468935268
16134,0.28171870967135726,0.10468661873779295,0.3211554214757272,0.4744027621690103
16138,1.4298780409556424,-1.7825705062091837,-3.0710832579803244,-3.7043234170217465
16140,1.7929711628147755,-0.519463823602249,-0.21784553926371567,0.29584271812996055
16143,0.3209720201426149,0.10468661873779295,0.4967400094095459,0.8974958999803773
16145,-0.09118773980559011,0.4327959410884145,0.3344742417422014,-0.055757143358328196
16150,0.07563882969725476,0.2489690060966055,0.28897959420342373,0.14804380410184614
16153,0.3405986753782437,-0.384829899545235,-0.19082722391569337,0.11206910923282835
16156,-1.229533743472061,0.17940647972972534,0.16936011498617454,-0.020112236336941765
16161,-1.2099070882364322,1.7274132107267572,1.3880593962989658,0.33911830054003705
16163,1.0864115743321383,-0.8587142175521938,-1.578030828589492,-2.3110820424114404
16168,-0.6701740692566399,-1.0837002028772094,-0.7116836773988554,0.22525052361242198
16186,1.9205444218463628,-1.373757585892359,-0.4064838525111263,1.6175320796613903
16191,-1.1412137949117314,0.31404040378673953,0.02836592270649515,-0.589237563259293
16202,0.7723850905620775,-0.384829899545235,-0.3615755287054458,-0.29857338868005195
16203,-0.09118773980559011,0.023983020771589966,0.039655355430805755,-0.06258583252689773
16206,-0.2678276369262494,0.023983020771589966,0.07884252050882307,0.03165311088754833
16210,-1.258973726325504,0.5882194000465504,0.654724899184043,0.45245685134537017
16218,2.126624301820465,0.4327959410884145,0.618365906066876,0.6274862248610881
16221,1.3808114028665706,-0.8587142175521938,-0.1690815589812365,1.0687767514014719
16222,-0.768307345434784,1.8305365477523636,1.3733611974028728,0.13619646137859465
16233,-0.20894767121936295,-0.519463823602249,-0.49226302813705153,-0.3643413115238443
16235,-0.258014309308435,-0.384829899545235,-0.36272518219769684,-0.30133615047528317
16241,0.20321208872884203,0.980899868665066,0.950910190900152,0.5106114932867766
16244,1.9696110599354348,0.9136578421046154,0.8769200537973026,0.44391383152247965
16250,2.146250957056094,-0.2660743622435596,0.19473732232655017,0.8251257559219582
16252,1.1845448505102825,0.10468661873779295,0.06330299510430473,-0.14602136613592845
16255,0.22283874396447081,0.7640123744367706,0.732738611625298,0.34579433677753435
16262,0.7527584353264486,-1.373757585892359,-0.5646562445647695,1.2354501047991406
16265,1.0471582638608807,-0.06374678486788676,0.4276952526622848,1.0259203034180222
16270,0.27190538205354287,0.7228533241035645,0.7250326594532449,0.39597862628036107
16271,0.48779858964545975,-0.8587142175521938,-0.46312809245393627,0.3597194478650671
16274,2.0383043532601355,1.0439364387809122,1.0211510390428638,0.5754868308436797
16279,-0.04212110171651809,-1.373757585892359,-1.4416441276049563,-0.879382119714362
16282,0.22283874396447081,-0.2660743622435596,-0.4171633084080095,-0.6469614295096104
16293,1.3513714200131273,-0.384829899545235,-0.4836880286160372,-0.591843455750082
16303,-0.0617477569521469,0.2489690060966055,0.29958593175362924,0.1735627426898218
16306,0.07563882969725476,-0.384829899545235,-0.7431056262165507,-1.213396250342306
16315,-0.17950768836591974,-0.8587142175521938,-1.0964604572757812,-1.1625904085957286
16316,0.1737721058753988,0.4327959410884145,0.3017294376816756,-0.13446343248976983
16321,-0.48372084451816627,-1.373757585892359,-1.136376802440288,-0.14421332666971037
16326,-1.033267191115773,0.2489690060966055,0.2099163364175057,-0.04211319787926437
16327,-0.9842005530267008,1.5589798071210779,1.2379076461089453,0.2521256085197504
16333,-1.2687870539433186,-1.7825705062091837,-0.6291661888784096,2.202088277098878
16350,-0.04212110171651809,0.17940647972972534,-0.21293412499495243,-0.9375061515678315
16351,-0.0813744121877757,-1.373757585892359,-0.9879296851748828,0.21374082812295223
16353,-1.3080403644145762,-0.15984391422021904,-0.3322303604521716,-0.6326105150735768
16359,-0.258014309308435,-0.8587142175521938,-1.89399636170674,-3.0563789813975886
16365,0.5957451934414182,-0.519463823602249,-0.7046404700610074,-0.8740850799532706
16367,0.9293983324471079,0.2489690060966055,-0.0009852085480867845,-0.5486566975583379
16378,-1.229533743472061,-0.15984391422021904,0.10090811555894703,0.4086837645331995
16385,1.2434248162171688,-0.15984391422021904,-0.3279226849772647,-0.622276738407444
16387,-0.5327874826072383,-1.373757585892359,-2.279388390037663,-2.884097539069437
16393,0.9293983324471079,0.17940647972972534,-0.026209827934037016,-0.48993473638128954
16395,-0.4739075169003519,1.2378966924437296,0.9944229260906359,0.1916506478826818
16401,-0.2678276369262494,-0.06374678486788676,-0.44615807604221636,-1.0747421278950253
16402,1.6261445933119305,0.8782767830616999,1.0034165550159873,0.8073950839710134
16403,-1.111773812058288,-1.0837002028772094,-0.4063284057283609,0.9616717850294277
16405,-1.258973726325504,-1.7825705062091837,-2.2275983839696187,-1.6641358174064338
16407,-1.111773812058288,-0.06374678486788676,-0.10906395917020723,-0.26641897673781595
16409,-0.8468139663772992,0.980899868665066,0.8190446682709572,0.1932189559823984
16411,1.635957920929745,-0.06374678486788676,-0.3024951888039083,-0.7306815825122912
16419,-1.1706537777651747,-0.384829899545235,-0.27281702300146815,-0.08518710275580452
16422,-1.180467105382989,0.8782767830616999,0.74842833987312,0.19339157501820423
16424,0.11489214016851237,-1.7825705062091837,-3.017624446422251,-3.575019374007491
16442,0.7625717629442631,0.9478393094285801,0.843323584790213,0.3063688170418217
16455,0.7821984181798919,0.17940647972972534,0.1095776365622964,-0.16382591341088293
16456,-1.3865469853570915,1.310814485537099,1.1690217050550726,0.49219545472165
16458,0.7527584353264486,-0.6748872825603845,-0.6432320469201331,-0.4335527326545938
16470,0.5466785553523461,0.5882194000465504,0.37006640219732884,-0.23220362742652992
16473,0.06582550207944035,-0.8587142175521938,-0.8464454772971499,-0.562729666645186
16477,-0.621107431167568,0.980899868665066,0.7684239013487538,0.07146348352062731
16493,-0.20894767121936295,-1.7825705062091837,-1.5790115675335734,-0.09535987258730119
16496,-0.866440621612928,1.012910707118714,0.9072187582982897,0.3524582837615161
16497,-0.7781206730525984,-0.06374678486788676,0.45788069793860603,1.0987175619996599
16499,0.6742518143839334,0.17940647972972534,0.181612331967244,0.00935088173574856
16500,-0.16969436074810534,-1.7825705062091837,-3.058021079845195,-3.6727291410882104
16503,-0.18932101598373416,0.8416088614052395,0.7585081286052957,0.27856940922829954
16510,1.930357749464177,-0.06374678486788676,0.20693155968448024,0.4938407408626873
16515,-1.180467105382989,0.37516558618164075,0.3638283416120871,0.11262605378421767
16519,1.106038229567767,-1.7825705062091837,-1.8335301476963124,-0.7109792714873042
16520,1.125664884803396,1.0439364387809122,1.0820513513459424,0.722190091856131
16523,-0.9940138806445152,0.4873095803114002,0.1905930321148816,-0.49341078974657654
16525,-1.3963603129749058,0.8782767830616999,0.5923723882872829,-0.1817947812879263
16531,-0.7388673625813408,-0.15984391422021904,-0.07380311900989375,-0.011811172816389772
16532,0.1835854334932132,-1.7825705062091837,-3.02259095174337,-3.5870321591584458
16539,0.48779858964545975,0.2489690060966055,0.5588981403689904,0.7980533188632725
16546,1.8812911113751052,0.023983020771589966,0.040853748863392415,-0.05970435921250292
16549,-0.012681118863074875,0.31404040378673953,0.08459933846825742,-0.45432026703407274
16550,1.4495046961912714,0.6799423068293861,0.5945479503863121,0.15373255875485478
16551,0.06582550207944035,-0.2660743622435596,-0.5517536973490614,-0.9695603138224769
16552,2.097184318967022,-0.8587142175521938,-0.7963989348992927,-0.4424549498589981
16553,0.6840651420017478,-0.6748872825603845,0.964891111516258,3.4464184101945823
16554,-0.14025437789466214,-1.7825705062091837,-0.7600572447461674,1.8854942072939402
16556,0.6938784696195622,-0.15984391422021904,-0.016528269605427654,0.12597746144426383
16558,-0.6309207587853823,0.9136578421046154,0.6217784666965782,-0.16976346357127936
16560,0.49761191726327414,-0.06374678486788676,0.30416002100507633,0.7281016668519175
16565,0.97846497053618,-1.373757585892359,-1.8302137536319742,-1.812393737260987
16567,0.07563882969725476,0.2489690060966055,0.25299286335990107,0.06147559634133041
16570,-1.1510271225295456,0.023983020771589966,0.1640432224444659,0.23665119451475028
16579,1.0962249019499528,-1.7825705062091837,-1.2615341121206238,0.6725419447992927
16583,2.1168109742026506,-0.6748872825603845,0.15135122065392564,1.4809583253270189
16593,-0.2678276369262494,-1.7825705062091837,-3.4621449605599484,-4.6502078790557055
16596,1.1845448505102825,-1.0837002028772094,-1.881487386595818,-2.576616513360573
16600,0.1835854334932132,-1.7825705062091837,-0.30262834914357595,2.9919049910186635
16607,0.4092919687029445,-0.2660743622435596,-0.34756794573687916,-0.4799340630340311
16612,-1.1608404501473601,0.2489690060966055,0.47976459833013224,0.6073713210259791
16618,-0.5426008102250527,0.7640123744367706,0.8077460440268397,0.5263857706640909
16634,1.8714777837572907,-0.519463823602249,-0.23694038894597202,0.2498608022941813
16638,-0.23838765407280618,-1.0837002028772094,-1.0067919714444324,-0.4852877032818192
16654,1.4298780409556424,-0.6748872825603845,-0.5133032770180003,-0.12115885506274446
16655,-0.13044105027684771,0.17940647972972534,0.3151544388697695,0.3306712205754688
16656,-0.8468139663772992,-0.519463823602249,-1.452898484513526,-2.654431722403202
16658,1.4495046961912714,-0.384829899545235,-0.2919336273174077,-0.13116000403624234
16660,-0.6505474140210111,-1.7825705062091837,-2.419475197172012,-2.128239806714318
16665,0.8901450219758503,-0.6748872825603845,-0.26805694061794744,0.46934603330706526
16670,-0.35614758548657904,0.8035569220697675,0.6032459475973467,-0.03158434857578996
16676,0.11489214016851237,-0.2660743622435596,-0.336839082309907,-0.45417332080415584
16679,1.2336114885993545,-1.7825705062091837,-1.866189219789361,-0.7899737335721508
16684,-1.278600381561133,1.0740358895136153,0.9082802608437042,0.2540635846857981
16686,0.35041200299605807,1.5024272254017421,1.1398515654835724,0.10851047475669337
16700,-0.9056939320841857,0.7640123744367706,0.6879103858972914,0.23790990003040172
16701,-0.13044105027684771,-0.15984391422021904,-0.04160592733133979,0.06563925916356197
16705,-1.1902804330008034,0.9136578421046154,0.5296548264849054,-0.39098627989650797
16710,0.6840651420017478,0.9136578421046154,0.7770050997399448,0.20344137274323285
16711,0.4191052963207589,-1.7825705062091837,-2.933320557289574,-3.3711084865602694
16713,0.3209720201426149,1.4628826777687451,1.20578209059063,0.33170161097556566
16714,-0.8271873111416704,1.4217236274355392,1.337088951718775,0.7152173218440483
16716,-1.2099070882364322,-1.7825705062091837,-2.2370465965597597,-1.686988777499575
16717,-1.2393470710898753,-0.2660743622435596,-0.1548380950232628,-0.016756773909679817
16718,1.6457712485475595,0.9136578421046154,0.7424801128247429,0.1203906248186497
16719,0.1835854334932132,1.1032627683867156,0.9702824556130166,0.35507323859682566
16722,0.7527584353264486,0.6799423068293861,0.33995561044793976,-0.45799406247838775
16725,-1.3669203301214627,1.7729061928455898,1.4055095658236292,0.3071408540820342
16726,0.8312650562689639,-0.2660743622435596,-0.42902760294392367,-0.6754217516453571
16727,0.9882782981539944,0.6351235184640878,0.5909972044318593,0.22027491010660538
16730,-0.6701740692566399,-0.15984391422021904,0.4900155932439482,1.3467446776173
16735,-0.012681118863074875,0.8416088614052395,0.5306577257057136,-0.26921777435784844
16743,0.5368652277345317,0.17940647972972534,0.31772455975291175,0.33685844068898074
16745,-1.4061736405927203,0.9136578421046154,0.8774055450880689,0.44508272061421433
16746,-0.2678276369262494,0.8782767830616999,0.5130596567396406,-0.372258893715366
16748,-1.2982270367967619,-0.15984391422021904,0.140113741349717,0.5031137040581865
16752,1.9597977323176203,-0.8587142175521938,-0.29186154381987806,0.7725943165285929
16754,1.8714777837572907,-1.373757585892359,-1.5773629638093654,-1.2056942538188813
16755,-0.9842005530267008,-0.384829899545235,0.08346540307047937,0.7727839426374579
16757,-0.7094273797278976,-0.519463823602249,-0.3593763086492499,-0.04482796340122391
16767,-0.9155072597020001,0.8416088614052395,0.9726768311531978,0.7943389469601145
16770,-1.0528938463514017,1.3788126101613607,1.2261479596776914,0.5182818368807185
16771,-1.2393470710898753,1.6125281454365896,1.3544559127250984,0.4453145464679882
16775,-0.19913434360154855,0.539026389111755,0.4403902585090047,0.019508277122348185
16779,-1.2099070882364322,1.159291444289721,0.9038509924634661,0.10297351742748669
16781,1.0962249019499528,0.2489690060966055,0.19864168288820513,-0.0692195985017205
16782,-0.8762539492307424,1.6797701719970406,1.3027156437070408,0.21127882059042682
16791,-0.12062772265903332,0.4327959410884145,0.5271439016805034,0.4077891246972106
16795,1.106038229567767,1.0439364387809122,0.7997292245025742,0.042621283493626476
16805,0.6840651420017478,1.012910707118714,0.6297611093060379,-0.3145924578226814
16810,0.7625717629442631,-1.7825705062091837,-2.496117628591222,-2.313619465560286
16812,0.7331317800908198,-0.384829899545235,0.15458638226321048,0.9442636407425877
16814,-1.2687870539433186,1.159291444289721,1.1126612739728985,0.6055509430297379
16816,-1.0725205015870305,0.37516558618164075,0.4217148629903855,0.2519039891214228
16817,0.664438486766119,0.17940647972972534,0.11855971972631428,-0.14223855412715805
16833,-0.012681118863074875,-0.2660743622435596,-8.915976600554449e-06,0.35588338041592454
16835,2.0088643704066924,-1.7825705062091837,-1.2082536404466253,0.8014146264089537
16839,-1.082333829204845,-0.06374678486788676,0.0908223383397173,0.2142759028818914
16843,-0.2874542921618782,-0.2660743622435596,0.10576611480440284,0.6106847718365205
16850,-0.05193442933433249,0.17940647972972534,0.01038287239084477,-0.402099986817505
16858,1.2139848333637255,-1.373757585892359,-0.6094830022981896,1.1271890920542051
16861,1.4298780409556424,-1.7825705062091837,-2.4373497832785738,-2.1714741432703057
16863,0.7723850905620775,-0.6748872825603845,-0.15740201697517303,0.7360667990334112
16873,0.30134536490698605,1.3339938217960619,0.5155214405844192,-1.1141441151972382
16875,-0.0813744121877757,0.4327959410884145,0.4454017689497758,0.2110391559337104
16882,-0.8566272939951136,-1.7825705062091837,-1.251656245327599,0.696434135356257
16883,1.851851128521662,0.023983020771589966,0.27479254197204084,0.5033104411411966
16885,0.3994786410851301,0.7228533241035645,0.6508815362385857,0.21751553915624852
16889,0.06582550207944035,0.5882194000465504,0.7712736646354864,0.7331937488697773
16891,1.8420378009038474,1.1861798836433748,1.138373311452108,0.6232020310227125
16892,-0.49353417213598066,-1.7825705062091837,-2.248441915572459,-1.714551321013633
16893,1.292491454306241,1.012910707118714,0.6411292093826385,-0.28729654321032144
16897,-1.033267191115773,0.539026389111755,0.6059525028900972,0.41787992802764157
16898,1.106038229567767,0.023983020771589966,0.554809934691307,1.1782893580013831
16899,0.6938784696195622,-0.15984391422021904,-0.3905299938971032,-0.7724116519527058
16904,-0.42484087881127985,1.3566522297454047,0.9799686614560462,-0.037726946944738195
16905,1.851851128521662,-0.6748872825603845,-0.2333394898639463,0.5530118353242397
16907,1.0864115743321383,0.539026389111755,0.5898922070583695,0.379214398724052
16912,-0.5131608273716095,-0.6748872825603845,-0.21840913948317656,0.5889973755203508
16916,1.9401710770819915,0.7228533241035645,0.5263835618304892,-0.08188097410361658
16918,-0.8566272939951136,-0.06374678486788676,0.36318923745173465,0.8703867273200506
16919,0.6840651420017478,1.1032627683867156,1.0802602115691042,0.6198831026352521
16923,-1.033267191115773,1.6467096127605543,1.5528321671330514,0.8674209146861831
16926,1.8224111456682186,-0.519463823602249,-0.6430882599592685,-0.7264788962766153
16927,0.8410783838867782,-1.7825705062091837,-2.473070652853728,-2.257874359089446
16928,-0.5426008102250527,-0.6748872825603845,0.025717773786872494,1.1777539800850774
16931,-0.5818541206963103,1.5589798071210779,1.3547438317382878,0.5333575537953995
16938,-1.3178536920323907,-0.15984391422021904,0.23246496040228748,0.725636020645598
16943,-0.768307345434784,-0.06374678486788676,-0.005661343412255573,-0.01785457546323236
16945,0.4681719344098309,-0.384829899545235,-0.05463861137365849,0.4399809627220528
16948,-0.36596091310439344,-0.8587142175521938,-0.5681682511111897,0.10668819637586996
16949,-0.8958806044663712,-0.8587142175521938,-0.41374432840427455,0.4787330752237386
16950,1.3513714200131273,-1.373757585892359,-1.4832219729655167,-0.9793900356763231
16954,0.6546251591483045,-0.6748872825603845,-0.8247869006963312,-0.8693904251572764
16955,0.026572191608182742,0.10468661873779295,-0.10039734731336103,-0.5391563034481197
16983,-0.621107431167568,-0.06374678486788676,-0.16364657625855433,-0.3975270921667008
16985,-1.229533743472061,0.4327959410884145,0.6553928744471581,0.7166962917839709
16992,-1.2491603987076898,-1.373757585892359,-2.222923699697473,-2.7499518351559615
16995,1.8714777837572907,-1.7825705062091837,-2.782440092718171,-3.0061648315791287
16996,0.2620920544357284,-0.8587142175521938,-0.9830663282199799,-0.8907474313378732
16997,-1.2982270367967619,-0.6748872825603845,-0.4814852280000771,-0.04460483801837433
17001,-0.6799873968744543,0.4873095803114002,0.08960238855202328,-0.7355691611542008
17007,0.27190538205354287,-0.2660743622435596,-0.10296878516199995,0.10803339797180586
17017,0.6742518143839334,1.310814485537099,1.0665755752453532,0.24561208789549835
17018,-0.35614758548657904,-0.6748872825603845,-0.5609569995577272,-0.23577641949229491
17019,-0.17950768836591974,1.4004963861151958,1.1258678584033084,0.24140968268054946
17025,2.028491025642321,-0.6748872825603845,-0.21411776039434227,0.5993410947246751
17026,1.6653979037831883,-1.0837002028772094,-1.5406059493859572,-1.7653750099601735
17027,-0.8271873111416704,0.4873095803114002,0.5719493596098356,0.42334306096626256
17033,0.615371848677047,-0.8587142175521938,-0.8449646788731133,-0.559171761979622
17035,-1.180467105382989,-0.2660743622435596,0.09236541668739415,0.5783949604179076
17041,0.7527584353264486,-0.8587142175521938,-0.5218430135932651,0.21826111460886374
17044,0.566305210587975,-1.7825705062091837,-2.1321105009831474,-1.4331735313180123
17048,-0.5622274654606815,-0.384829899545235,-0.14473188397888617,0.22302225341160675
17059,1.685024559018817,1.8021330717186905,1.201231588985064,-0.2314113073739648
17062,-1.033267191115773,1.1032627683867156,0.9660442348969139,0.3448722738441764
17064,-0.2874542921618782,-0.15984391422021904,0.602940322510738,1.6192714132724435
17068,-1.1019604844404738,1.212369842386592,0.9794761280170844,0.19762023229163328
17069,0.252278726817914,0.2489690060966055,0.30086581332729495,0.17664229198537937
17071,-1.258973726325504,-0.2660743622435596,-0.09104892008814698,0.13671803222966944
17075,-0.817373983523856,-0.519463823602249,-0.8681610897259953,-1.2655982327476323
17076,1.0569715914786952,-0.6748872825603845,-0.2349268026996926,0.5491862172157647
17082,-0.7781206730525984,0.023983020771589966,-0.7471227345236532,-1.9443163267102752
17085,0.3307853477604293,1.2378966924437296,0.9226266525276816,0.018987216357071686
17090,0.31115869252480044,-1.373757585892359,-1.8164738632117103,-1.779475209321499
17091,-0.7388673625813408,0.5882194000465504,0.6304543889682216,0.39402167998085086
17094,-0.7781206730525984,-0.2660743622435596,0.10130578458108459,0.5999370581736272
17095,-0.13044105027684771,-0.6748872825603845,-0.4936866799802089,-0.07396371196352905
17097,-0.44446753404690864,0.9478393094285801,0.9343949083487569,0.5256158876221178
17105,-1.4061736405927203,0.8782767830616999,0.8043671255766277,0.3279983103333583
17114,0.006945536372553933,0.023983020771589966,0.40995107582151274,0.8289885338158525
17118,-0.8075606559060416,-0.384829899545235,0.09690372500809655,0.8051806041794303
17126,0.9392116600649223,0.9136578421046154,0.9929410142049839,0.7233552344532603
17128,-0.002867791245260471,-0.519463823602249,-0.29801645259793996,0.10282496551910462
17135,1.8616644561394764,-0.519463823602249,-0.04666588491100318,0.7082934717075713
17146,0.5368652277345317,-0.519463823602249,0.2602904287111964,1.4487340553630108
17147,-1.1510271225295456,-0.2660743622435596,-0.32466697112245857,-0.42494362457627727
17158,0.7036917972373766,0.37516558618164075,0.2233684011778126,-0.2250421030065198
17179,0.8214517286511495,-0.2660743622435596,0.13261247562098077,0.6753799961719631
17180,-0.9743872254088864,1.0439364387809122,0.931670311742168,0.3600404093313423
17181,2.097184318967022,-1.373757585892359,-1.0297717432414002,0.1128218290711155
17188,-1.0136405358801441,0.8782767830616999,0.5524865255604793,-0.2775981139886548
17189,0.566305210587975,0.539026389111755,0.6807108820128677,0.5979167803134334
17191,1.4298780409556424,1.159291444289721,1.117504879606198,0.6172174720307463
17194,0.7429451077086342,0.17940647972972534,0.00031761269591576435,-0.4262636075808198
17198,1.1158515571855816,1.3566522297454047,1.2494615008077237,0.6107419153053913
17204,0.3307853477604293,-1.0837002028772094,-0.9823141861831917,-0.4264094904501246
17211,0.27190538205354287,0.8035569220697675,0.7785583095183883,0.3901627189951212
17213,-0.9253205873198145,0.5882194000465504,0.6086481856046597,0.3415281357589481
17214,-1.2982270367967619,0.31404040378673953,0.16351486023784423,-0.26483709668524547
17218,-0.022494446480889278,1.6467096127605543,1.127784827245833,-0.15549325942735961
17220,-1.0921471568226593,1.212369842386592,1.089187728014108,0.4616627788324309
17223,-1.2491603987076898,0.8782767830616999,1.0977039527154626,1.0346725043675422
17226,-1.327667019650205,0.17940647972972534,0.28919739673439,0.2681894771618212
17227,1.5378246447516009,-1.0837002028772094,-1.0860440288491153,-0.6758331589543154
17228,-1.1706537777651747,0.8035569220697675,0.6578083282447965,0.0996110074887742
17230,-1.229533743472061,1.2378966924437296,0.9524918811560161,0.09079745689750394
17231,-0.4739075169003519,1.159291444289721,1.0601944637304948,0.4792001847733328
17235,1.9401710770819915,-0.384829899545235,0.1222535073862369,0.8662987656021361
17236,-0.7388673625813408,0.31404040378673953,0.34963053377936204,0.18262200033635717
17238,-0.5524141378428671,1.5024272254017421,1.2681968439479834,0.41732187731903847
17239,-1.082333829204845,0.2489690060966055,0.38003272601284355,0.36718481590631147
17243,-0.5622274654606815,1.159291444289721,0.9373047432850176,0.1834385630388989
17251,0.9588383153005511,0.6799423068293861,0.18540054865315836,-0.8284935416755373
17256,-1.1215871396761026,-0.384829899545235,-0.28432906484258585,-0.1128729404005629
17259,1.4789446790447145,1.0439364387809122,0.9239456640071987,0.34144775389139603
17262,1.2336114885993545,-1.7825705062091837,-2.822770351050044,-3.1037140532346728
17277,-0.5426008102250527,0.9478393094285801,0.6917810043324696,-0.058116767833033565
17284,0.03638551922599714,1.4628826777687451,0.9959400355244253,-0.17287590250606233
17287,1.3808114028665706,-0.15984391422021904,0.21926924790718064,0.6938336135166016
17288,-0.3267076026331358,-0.6748872825603845,-0.052254713354962914,0.9896426156216733
17291,-1.3472936748858337,-1.7825705062091837,-1.683138499798369,-0.34721794679613743
17293,-1.376733657739277,0.31404040378673953,0.2890209545517294,0.03682389979629097
17303,0.8312650562689639,0.6351235184640878,0.41140932684052267,-0.21151101829228278
17306,-0.8468139663772992,-0.6748872825603845,-1.3565062644384596,-2.1387698919593348
17307,1.0962249019499528,-1.7825705062091837,-2.7520398954086582,-2.9326340458024767
17311,-0.8860672768485568,0.539026389111755,0.6223005192878939,0.4572425140867537
17314,-1.1510271225295456,0.31404040378673953,0.5879399435778426,0.7564967326856268
17315,-1.3669203301214627,1.5024272254017421,1.1743098593702104,0.19138974323119193
17320,1.4102513857200136,0.023983020771589966,0.11331389482676676,0.1145768190300314
17324,-0.13044105027684771,-0.384829899545235,0.05356785303536399,0.7007157508613799
17329,-1.0234538634979584,-0.15984391422021904,0.3529877041769385,1.0162005000680994
17334,-1.3080403644145762,-0.384829899545235,0.050156038903253354,0.6924922590427324
17337,-1.258973726325504,2.501003375050664,2.136047697501641,0.8871683052449192
17338,-0.15006770551247653,1.5949928039601997,1.0430197566200732,-0.2749808124634067
17339,1.106038229567767,-1.7825705062091837,-2.35394418640785,-1.969736009348528
17340,0.28171870967135726,1.6797701719970406,1.3160487407867907,0.24335551908017145
17341,1.2532381438349833,1.7428067421128866,1.3896153148754635,0.31782665699430157
17343,0.3405986753782437,-0.2660743622435596,-0.18632727930968093,-0.09248944573381729
17346,0.6349985039126758,0.6351235184640878,0.5205274432526773,0.05076199521878094
17356,-1.1608404501473601,0.2489690060966055,0.17026905986453184,-0.137420408975701
17358,0.36022533061387246,0.8416088614052395,0.7702743933325473,0.3068859437382519
17362,-1.2687870539433186,-0.519463823602249,-0.30374794044020464,0.08903013514990063
17364,-0.5131608273716095,0.37516558618164075,0.26298160441252927,-0.12985550634271686
17365,-0.09118773980559011,0.9478393094285801,0.7575650963446359,0.10004809297686376
17368,-0.7781206730525984,0.6799423068293861,0.423739067731332,-0.25685429852435165
17371,0.8018250734155207,-0.8587142175521938,-0.09901452861521276,1.2378603951761726
17372,-0.8468139663772992,1.2378966924437296,1.1621028241310205,0.5952790596020863
17373,-1.0921471568226593,-0.15984391422021904,0.22603886894230216,0.7101484987626453
17375,-1.1412137949117314,0.8035569220697675,0.6891585227839876,0.17502025435825597
17376,-1.2000937606186177,-0.6748872825603845,-0.5692274286324284,-0.2556638851912639
17377,0.3994786410851301,0.9136578421046154,0.6641064558367378,-0.0680482387053929
17381,-1.327667019650205,0.2489690060966055,0.40148192113887565,0.41882821352075567
17389,-1.1412137949117314,0.2489690060966055,0.36785620691457466,0.33787070853275775
17392,-1.3865469853570915,1.1032627683867156,1.0725269537888455,0.6012563339381074
17396,1.8616644561394764,-1.373757585892359,-2.419787457863324,-3.21670537238448
17400,0.2620920544357284,0.4327959410884145,0.9680489250968212,1.4706412086844107
17402,-0.23838765407280618,0.17940647972972534,0.2877596968938327,0.26472910189402443
17404,-0.9842005530267008,1.0740358895136153,0.7339416838844046,-0.1651185673910186
17406,-0.18932101598373416,1.4217236274355392,1.0943467933136573,0.13087318560829608
17411,1.1551048676568392,-1.373757585892359,-1.444485704090702,-0.8862180998409867
17412,0.4681719344098309,0.2489690060966055,0.2672987690480858,0.09588625842456674
17418,-0.48372084451816627,-0.384829899545235,-0.21231107758659762,0.06036960060708925
17419,-0.41502755119346546,0.4873095803114002,0.2941381904717319,-0.24482314690925927
17420,2.146250957056094,-0.6748872825603845,-0.6613047373547711,-0.47697602573196796
17428,-0.0813744121877757,0.5882194000465504,0.30551731200840115,-0.3872066993199199
17430,1.1354782124212104,-1.0837002028772094,-0.1210164419788649,1.6504734202248776
17431,-1.0627071739692162,0.8416088614052395,0.9906955178263696,0.8377629283084468
17442,1.0962249019499528,-1.7825705062091837,-1.2741603029009745,0.6420022177050023
17446,-1.2393470710898753,-1.0837002028772094,-0.38816589164932763,1.0055023910323875
17449,0.6349985039126758,1.212369842386592,1.0350448199773832,0.3313303361543679
17450,-0.0813744121877757,0.7228533241035645,0.49045686805380545,-0.16821617628665506
17454,0.6448118315304902,-0.384829899545235,-0.23686793979196027,0.0012856061392607576
17456,1.0962249019499528,-0.384829899545235,-0.3114893680370664,-0.17818107440713837
17457,-1.3080403644145762,-0.6748872825603845,-0.41570377846131346,0.11372327715446037
17460,-0.768307345434784,-0.519463823602249,-0.7270101989666133,-0.927699682798912
17463,-1.0725205015870305,1.6125281454365896,1.297658132934395,0.3086052785811852
17470,1.4004380581021993,-0.519463823602249,-0.1256244114787905,0.5179959306110483
17491,-0.36596091310439344,-0.384829899545235,-0.9662094879180695,-1.7457828798042547
17496,0.566305210587975,-0.8587142175521938,-1.074544549500643,-1.1100830356220779
17504,-0.5229741549894239,0.2489690060966055,0.2569003638199368,0.07087408493646138
17507,-1.3080403644145762,1.0740358895136153,0.9124583812822796,0.2641170880688878
17511,-1.2099070882364322,2.2299702681475027,1.6925976841574955,0.25725280710587395
17515,-0.768307345434784,0.2489690060966055,0.39983129175212806,0.41485371333105003
17517,-1.327667019650205,-0.2660743622435596,-0.25344979674341384,-0.2538515090548569
17519,0.7723850905620775,-0.15984391422021904,0.12282949172303699,0.4614803244995344
17524,0.8214517286511495,-1.7825705062091837,-1.165221236235725,0.9054996908337104
17525,0.6251851762948614,-0.8587142175521938,-0.847824508242712,-0.5660430083097207
17526,0.7625717629442631,-0.519463823602249,-0.6708265581000104,-0.7930114463170618
17530,1.0667849190965095,0.9478393094285801,0.8654536751608486,0.35963230122974055
17540,-0.9351339149376289,-1.373757585892359,-0.9700510349160424,0.2568677405513876
17547,1.9205444218463628,-1.373757585892359,-1.4769470307156862,-0.9642990298737554
17548,2.1364376294382796,-0.8587142175521938,-0.6389427751863063,-0.06370378005533228
17551,0.5957451934414182,0.4327959410884145,0.4042208829941021,0.11196457044844982
17552,1.8616644561394764,-1.373757585892359,-0.19346478009915413,2.132263247102349
17555,-0.002867791245260471,0.7228533241035645,0.6297810220606178,0.1667503308398218
17560,-1.229533743472061,-1.373757585892359,-1.2856730022149983,-0.5039401866088372
17567,1.9107310942285483,-0.519463823602249,0.3519767926483882,1.670057785239977
17569,-0.12062772265903332,0.2489690060966055,0.13423614137802406,-0.22400825341842626
17572,2.077557663731393,-1.373757585892359,-0.8415370022122178,0.5669552835972731
17576,-0.405214223575651,0.8035569220697675,0.9748305416699333,0.862949220926131
17580,-1.111773812058288,0.8416088614052395,0.7751637479548322,0.31865332990553896
17581,-0.21876099883717737,1.2378966924437296,0.8448440077513804,-0.16794657076617875
17585,0.15414545063977,0.4327959410884145,0.5020260786951404,0.34731920709160585
17591,-0.8468139663772992,1.310814485537099,0.9808169411752474,0.039345994942213705
17593,0.2620920544357284,0.023983020771589966,-0.36951026963275896,-1.0442045034974692
17596,1.5083846618981578,0.9136578421046154,0.7950927697761498,0.24696090247817834
17602,-0.4640941892825375,1.5949928039601997,1.3992496884758798,0.5817705728059697
17604,-1.1314004672939169,0.539026389111755,0.6379220966815566,0.49486000428428845
17609,-0.2874542921618782,1.0740358895136153,1.0614671775780458,0.6228631250815033
17611,-0.6014807759319392,2.2109459920355143,1.6598084231404486,0.20911933198398486
17616,1.4004380581021993,-1.7825705062091837,-1.6952297857262457,-0.3764638673497099
17618,0.8803316943580359,0.6799423068293861,0.3749310147990232,-0.37405112562327336
17619,-1.1215871396761026,1.4004963861151958,0.9469861231958042,-0.1886440368363307
17621,-1.1019604844404738,0.10468661873779295,0.3142627896378833,0.45780302671409595
17629,-0.0813744121877757,-0.15984391422021904,-0.1182182070222753,-0.11861734456088442
17633,0.566305210587975,-1.7825705062091837,-2.8394897710621825,-3.1441543200758915
17634,0.11489214016851237,0.7640123744367706,0.690169316039396,0.24334540892614442
17643,2.04811768087795,-0.8587142175521938,-0.6170253858349138,-0.010945923787008425
17644,-0.5622274654606815,-1.7825705062091837,-2.9134753984873014,-3.323107807297016
17646,1.106038229567767,-0.6748872825603845,-0.3081779360594568,0.3726785011097064
17655,0.48779858964545975,-0.6748872825603845,-1.1053211134056407,-1.5407335524227552
17659,0.47798526202764535,-0.519463823602249,0.011972229136588628,0.8496663599984043
17671,1.106038229567767,-1.7825705062091837,-0.8784945838726446,1.599022691250838
17672,-1.2884137091789474,0.539026389111755,0.8071004140972734,0.9024774600589338
17673,-0.621107431167568,1.212369842386592,1.0920676583826259,0.4685967156375021
17674,1.5476379723694154,-0.6748872825603845,-0.8096768902168909,-0.833152612129752
17675,-1.1510271225295456,0.8416088614052395,0.8443283422819359,0.4851583474825966
17676,1.2336114885993545,-1.0837002028772094,-0.1016497540565149,1.6972469899201137
17677,-0.7388673625813408,0.9136578421046154,0.5292116105221207,-0.39205006495070105
17682,1.4593180238090857,-0.519463823602249,-0.02977861838293733,0.749003512871519
17685,-1.376733657739277,0.6799423068293861,0.5558778600946624,0.06072286297444664
17690,-0.3267076026331358,1.212369842386592,1.0456330373210991,0.3568142341515945
17691,0.47798526202764535,-0.519463823602249,-0.5663803554396631,-0.5423744497368553
17692,0.6055585210592326,0.31404040378673953,0.4193644687105519,0.35045388223705815
17696,0.07563882969725476,-0.8587142175521938,-0.13158402625811821,1.159259598100959
17700,1.0962249019499528,-1.373757585892359,-2.2400266539199354,-2.7906051699247665
17702,1.1158515571855816,-1.0837002028772094,-0.6691573546667853,0.3277488982311277
17706,1.3023047819240552,0.4873095803114002,0.30690408115485274,-0.2141560960144348
17707,0.04619884684381155,-1.7825705062091837,-2.411098619718487,-2.107978874983986
17708,-0.41502755119346546,0.37516558618164075,0.47898391850927624,0.38975583093310656
17714,-0.5622274654606815,-0.519463823602249,-0.6756154009357701,-0.8044955291625627
17720,1.3906247304843848,-1.7825705062091837,-2.236214546591386,-1.684976248194023
17722,-0.8468139663772992,1.4628826777687451,0.9719736653311607,-0.23044171538578215
17730,-0.7388673625813408,-0.519463823602249,-0.1415293601780685,0.47967346948840317
17732,1.999051042788878,0.023983020771589966,0.17977831685683981,0.2745253158912657
17735,-0.8075606559060416,0.9136578421046154,1.031254191212617,0.8156768935995633
17739,-0.0715610845699613,-1.373757585892359,-0.45699883299659627,1.4954952787953928
17742,-0.0813744121877757,-0.2660743622435596,-0.13904613313265837,0.021230962556646152
17744,-0.5131608273716095,0.4327959410884145,0.3461678629119138,-0.027644298755445773
17752,0.566305210587975,-1.7825705062091837,-1.5169301510344446,0.05480018363970435
17757,-0.9547605701732577,1.5949928039601997,1.2068601408837467,0.11874324135089982
17760,2.0383043532601355,-0.384829899545235,-0.3355160745599569,-0.2359411455501089
17769,-0.5720407930784959,0.7228533241035645,0.6627381271204585,0.24604471031853398
17771,-0.49353417213598066,-0.15984391422021904,0.2682834494846483,0.8119716992230258
17786,-0.8370006387594848,-0.06374678486788676,0.2417564883617592,0.5777322316513924
17787,-0.48372084451816627,1.287089703378525,1.0509594976690741,0.24694126315378226
17790,0.4387319515563877,0.31404040378673953,0.18826138538406284,-0.20538600247938568
17796,-1.0430805187335872,1.4004963861151958,1.257397014810573,0.5580196277903086
17799,-0.6505474140210111,1.663375392543683,1.2485639846311503,0.10770731872323398
17800,-0.012681118863074875,-0.384829899545235,-0.579358797669528,-0.8213248622263978
17802,1.930357749464177,-0.6748872825603845,-0.38739481507544765,0.1818823460209274
17809,1.8224111456682186,-1.0837002028772094,-0.3818046265906369,1.0208543202107776
17811,-1.2197204158542465,1.8982302010710228,1.4796589048802569,0.28205808160934775
17812,1.4102513857200136,0.023983020771589966,0.18684372931373788,0.29153304736498764
17816,1.106038229567767,-1.373757585892359,0.12325321353639555,2.8978134862535025
17819,0.9097716772114791,-0.8587142175521938,-0.07259212209551352,1.3016324273471271
17820,0.566305210587975,-1.7825705062091837,-0.9254611122202006,1.485421924142774
17827,1.027531608625252,1.5024272254017421,1.0889232474765225,-0.013937411309808509
17838,1.0864115743321383,0.37516558618164075,0.7529874101056903,1.0499874847398636
17841,-1.2491603987076898,3.1405473487768356,2.367694268543618,0.414456607314061
17848,-1.258973726325504,-0.6748872825603845,-1.167996110995926,-1.6902716757884466
17849,-0.05193442933433249,-1.373757585892359,-0.0516039443347279,2.475129960770644
17850,1.9107310942285483,2.74312728098731,2.1281153198985274,0.47741479335410286
17855,1.999051042788878,-0.15984391422021904,-0.0015674150641305103,0.16197965306305145
17857,0.48779858964545975,-0.8587142175521938,-0.6642087511606368,-0.12451162437164949
17858,-0.6112941035497536,0.9136578421046154,0.7595360035220794,0.16141608836921245
17860,1.4985713342803433,0.980899868665066,0.570528009272612,-0.4039741167284795
17861,-0.6407340864031967,-0.519463823602249,-0.36220104518649304,-0.05162355535328094
17862,-0.48372084451816627,-0.2660743622435596,-0.24808145636543755,-0.24094973159936725
17863,-1.2197204158542465,0.7228533241035645,0.6707098767592701,0.26522769131887874
17865,0.4092919687029445,0.7228533241035645,0.8082753281130113,0.5964328170620735
17869,1.4004380581021993,-0.519463823602249,-0.39699024095659463,-0.13530459125005578
17870,1.321931437159684,-1.7825705062091837,-2.304952763896999,-1.8512375089321675
17873,2.04811768087795,-0.8587142175521938,-0.14646551244754513,1.1233486263423105
17880,1.0471582638608807,-0.06374678486788676,0.1645645307047341,0.39180523735404044
17884,-1.1608404501473601,1.5589798071210779,1.2145118313055305,0.19584005134477808
17888,-0.817373983523856,-0.384829899545235,-0.3039614078737866,-0.16008132665882013
17889,-0.5622274654606815,-0.15984391422021904,-0.20659678847058488,-0.3310148385461779
17890,-0.5327874826072383,1.26279318504311,1.0983968154283992,0.40097878937698134
17894,-1.111773812058288,1.5949928039601997,1.2960609356500579,0.33334205058698696
17897,1.3317447647774985,1.0740358895136153,0.9655635045720351,0.3919275443058325
17905,0.252278726817914,-0.06374678486788676,0.0994065247882029,0.23493698670078852
17908,2.126624301820465,1.0439364387809122,0.886657694379844,0.25171340047092583
17912,-1.2393470710898753,0.539026389111755,0.2115708901005116,-0.5300855056715806
17913,0.3896653134673157,0.10468661873779295,-0.16654337907898348,-0.6978013659712409
17917,0.9195850048292935,0.4327959410884145,0.4081526545578752,0.12142236629073014
17920,-1.0234538634979584,1.7274132107267572,1.3685944964523824,0.29227655848886197
17924,0.3209720201426149,-0.8587142175521938,-1.1356160420638357,-1.256360149732525
17925,1.999051042788878,-1.7825705062091837,-2.729367191044143,-2.877794212013542
17929,-1.3178536920323907,-1.373757585892359,-1.1450595747406287,-0.16514246165135904
17937,0.8116384010333351,0.023983020771589966,-0.2354928899463852,-0.723238080777936
17949,0.1345187954041412,-1.373757585892359,-2.0479943548934236,-2.333205961145501
17950,1.0962249019499528,0.539026389111755,0.9940363622991254,1.3532860629374694
17951,0.31115869252480044,-0.2660743622435596,-0.36047864682489206,-0.5109295186038928
17954,-0.24820098169062058,1.2378966924437296,1.035124641231685,0.2895797869492103
17961,-1.2393470710898753,0.9478393094285801,1.270508952483477,1.3357928084824284
17964,1.9401710770819915,0.7228533241035645,0.7387593218209603,0.4290257236073099
17965,-1.0038272082623296,1.3788126101613607,0.8241267664931895,-0.448190497256845
17967,1.851851128521662,0.8416088614052395,0.7814872307359151,0.3338729134201589
17968,2.1069976465848366,1.012910707118714,1.1728347607519929,0.9923272696080278
17969,0.8018250734155207,-1.0837002028772094,-1.558711173504048,-1.8086168475718185
17975,-1.229533743472061,1.131666244420389,1.4282994427127544,1.4120484654903684
17976,1.930357749464177,1.0740358895136153,0.8782230849463314,0.1817489298558685
17978,1.1158515571855816,-0.8587142175521938,-0.6197863127930123,-0.0175922696458199
17980,0.5761185382057894,-0.384829899545235,-0.5002603604689133,-0.6316139730380516
17988,-0.3267076026331358,0.023983020771589966,0.1613172002644773,0.23009014430932134
17990,0.27190538205354287,-0.2660743622435596,-0.24149013222477866,-0.22510784931466626
17999,1.2139848333637255,0.4327959410884145,0.6514424957794546,0.7071776303725512
18004,0.8901450219758503,0.4873095803114002,0.49920987433357555,0.24825107951689146
18008,-0.7290540349635264,-0.6748872825603845,-0.755321324771634,-0.7027380680423047
18011,2.0088643704066924,0.17940647972972534,0.08581721214831471,-0.2209222601866682
18016,-1.0234538634979584,0.7228533241035645,0.4773094562225146,-0.1998030376325836
18017,-1.2393470710898753,-1.7825705062091837,-2.730110734847108,-2.879592666133256
18032,-0.022494446480889278,-1.0837002028772094,-2.1222152381840833,-3.1446250580945567
18037,-0.5524141378428671,-0.384829899545235,-0.7397124447924589,-1.205281858317813
18041,-1.2393470710898753,2.1205939307675132,1.5814918977848282,0.16683088128668824
18043,1.2826781266884264,0.9136578421046154,0.8337999410015666,0.34011189004330905
18044,0.7429451077086342,-1.0837002028772094,-0.4121824453913991,0.9475451305998139
18050,0.5957451934414182,-0.6748872825603845,-0.5066102427163133,-0.10505705683783788
18055,-1.1608404501473601,1.4828488098304398,1.2413429781325422,0.3846649183458347
18061,-0.5229741549894239,-0.519463823602249,-0.1435015672355673,0.4749217445347697
18062,0.1345187954041412,-1.0837002028772094,-1.6641331851948693,-2.0600947633944022
18065,0.48779858964545975,0.4327959410884145,0.10441696754282062,-0.6081626450706635
18069,-0.2776409645440638,1.0740358895136153,0.8705057881178755,0.16318466995240566
18071,1.1649181952746537,-0.8587142175521938,-0.5830499301692228,0.07085321324246215
18074,2.146250957056094,0.10468661873779295,0.128432716450219,0.010567628909908196
18075,-0.9743872254088864,0.539026389111755,0.45716641403562974,0.05985060602413964
18077,-0.6996140521100832,1.0439364387809122,0.8581542272205865,0.1831365660331165
18085,-0.19913434360154855,0.31404040378673953,0.28803036326615006,0.03444161121808896
18092,-0.19913434360154855,0.10468661873779295,0.04660017576374469,-0.18616430674620785
18095,-1.1019604844404738,0.10468661873779295,-0.06788718989912243,-0.4611370217245669
18097,0.23265207158228524,0.023983020771589966,0.002941030306495842,-0.15084844491602278
18102,1.1158515571855816,0.2489690060966055,0.2542949895834451,0.06460749249295739
18106,-0.21876099883717737,0.539026389111755,0.4898193779240831,0.13838899313667746
18109,-0.3855875683400222,1.0740358895136153,0.6016835529136146,-0.4826413645971057
18113,1.5083846618981578,-1.7825705062091837,-1.7126954899126585,-0.41870921661155885
18116,0.23265207158228524,1.9112401457185666,1.3369484006787162,-0.08220409812439768
18118,-0.37577424072220783,2.3539472398053847,1.7978119676031759,0.3101226763134311
18119,1.3808114028665706,0.10468661873779295,0.11873387625755993,-0.012756643064646772
18125,-0.9449472425554433,1.3788126101613607,1.333308711881182,0.7764106645114934
18136,-0.6505474140210111,-0.06374678486788676,0.07695037550773742,0.1808905591387584
18141,0.7625717629442631,-1.7825705062091837,-2.51330902876248,-2.355201339201544
18144,-0.719240707345712,-0.6748872825603845,-0.6275541187453058,-0.39587712669152336
18145,-1.0921471568226593,0.7640123744367706,0.6768422158437306,0.21127869855596312
18156,1.6948378866366314,1.1032627683867156,0.5846167019926289,-0.5716086918395833
18161,-0.6407340864031967,-0.2660743622435596,-0.4053809593321603,-0.6186936101172473
18168,0.6349985039126758,0.9478393094285801,0.6602389052387196,-0.13391958765266515
18171,-0.04212110171651809,-0.15984391422021904,-0.07773496991319197,-0.021267841530078633
18176,0.27190538205354287,0.17940647972972534,0.40731636229998147,0.5526054014816739
18178,-1.2982270367967619,0.31404040378673953,0.4779526943273461,0.49152484686004755
18179,-0.3365209302509502,0.17940647972972534,0.17030855129231284,-0.01783162695758653
18190,-0.3954008959578366,-0.519463823602249,-0.7882763039306588,-1.0744528020781896
18193,1.22379816098154,-1.7825705062091837,-3.086932243354011,-3.742658311247093
18198,-1.2197204158542465,0.31404040378673953,0.3101741947621804,0.08770041380449166
18202,-1.1902804330008034,0.4327959410884145,0.7567292411428991,0.9609413252937427
18212,-0.35614758548657904,0.6351235184640878,0.47555354878717493,-0.0573681778050536
18219,0.7331317800908198,0.10468661873779295,-0.1601426820077299,-0.6824557186794721
18223,-0.5622274654606815,1.0439364387809122,0.7450368101010887,-0.08885143995483918
18225,1.0962249019499528,-1.373757585892359,-1.7129133096706433,-1.5311661912465548
18226,-0.14025437789466214,0.023983020771589966,-0.1555918025748776,-0.5315985740691516
18229,-0.20894767121936295,0.17940647972972534,0.3307845989668526,0.36830044018783403
18230,0.566305210587975,-1.373757585892359,-1.5899407133637276,-1.2359145103734517
18233,-0.35614758548657904,-1.7825705062091837,-1.810715386889151,-0.6557958372359758
18239,-1.082333829204845,0.8782767830616999,0.9486864474684281,0.6755222967271739
18245,-1.0921471568226593,0.980899868665066,1.0902930651985694,0.846397853303328
18250,-1.2393470710898753,-0.519463823602249,0.3493004441754036,1.6635964500972287
18256,0.3405986753782437,-1.373757585892359,-2.0410311740627143,-2.3165848148749433
18259,1.2336114885993545,-1.0837002028772094,-0.43800239912679395,0.8852412654704441
18260,-0.5622274654606815,0.539026389111755,0.42860284845350716,-0.008833873957619694
18269,0.48779858964545975,-1.373757585892359,-1.5629662977535546,-1.1710991537750497
18277,-0.7388673625813408,-1.7825705062091837,-1.1046607411560005,1.051981002941567
18283,-0.6112941035497536,1.540479164737214,1.0057393626844349,-0.2757916816405738
